-21.009000,-9.286000,150.596000,179.982000,0.035000,-123.894000,
-20.982000,-9.279000,150.964000,179.987000,0.024000,-123.895000,
-20.950000,-9.271000,151.383000,179.994000,0.012000,-123.895000,
-20.923000,-9.265000,151.750000,179.999000,0.002000,-123.896000,
-20.891000,-9.257000,152.170000,-179.995000,-0.010000,-123.896000,
-20.853000,-9.248000,152.661000,-179.987000,-0.024000,-123.897000,
-20.818000,-9.240000,153.119000,-179.980000,-0.037000,-123.897000,
-20.788000,-9.233000,153.512000,-179.974000,-0.049000,-123.898000,
-20.757000,-9.227000,153.905000,-179.968000,-0.060000,-123.899000,
-20.615000,-8.906000,153.916000,-179.954000,-0.087000,-124.338000,
-20.490000,-8.597000,153.927000,-179.942000,-0.110000,-124.755000,
-20.399000,-8.347000,153.935000,-179.934000,-0.126000,-125.086000,
-20.294000,-8.011000,153.945000,-179.926000,-0.143000,-125.521000,
-20.207000,-7.664000,153.954000,-179.922000,-0.154000,-125.957000,
-20.155000,-7.390000,153.959000,-179.920000,-0.157000,-126.291000,
-20.106000,-7.017000,153.966000,-179.922000,-0.155000,-126.735000,
-20.074000,-6.646000,153.971000,-179.928000,-0.146000,-127.218000,
-20.044000,-6.388000,153.974000,-179.932000,-0.139000,-127.675000,
-20.001000,-6.117000,153.978000,-179.937000,-0.129000,-128.310000,
-19.943000,-5.852000,153.982000,-179.943000,-0.120000,-129.137000,
-19.871000,-5.620000,153.986000,-179.948000,-0.111000,-130.122000,
-19.785000,-5.423000,153.991000,-179.953000,-0.103000,-131.259000,
-19.696000,-5.279000,153.995000,-179.957000,-0.098000,-132.375000,
-19.593000,-5.162000,154.000000,-179.959000,-0.096000,-133.619000,
-19.477000,-5.077000,154.005000,-179.960000,-0.096000,-134.935000,
-19.334000,-5.016000,154.011000,-179.960000,-0.100000,-136.453000,
-19.191000,-4.961000,154.017000,-179.960000,-0.105000,-137.991000,
-19.084000,-4.913000,154.022000,-179.960000,-0.108000,-139.174000,
-18.949000,-4.844000,154.027000,-179.961000,-0.110000,-140.722000,
-18.821000,-4.769000,154.032000,-179.962000,-0.111000,-142.251000,
-18.715000,-4.699000,154.037000,-179.964000,-0.110000,-143.577000,
-18.622000,-4.633000,154.040000,-179.965000,-0.110000,-144.772000,
-18.502000,-4.537000,154.045000,-179.968000,-0.107000,-146.387000,
-18.392000,-4.442000,154.048000,-179.970000,-0.104000,-147.915000,
-18.292000,-4.347000,154.052000,-179.972000,-0.100000,-149.371000,
-18.200000,-4.254000,154.055000,-179.975000,-0.097000,-150.765000,
-18.114000,-4.162000,154.058000,-179.977000,-0.093000,-152.110000,
-18.032000,-4.073000,154.061000,-179.979000,-0.088000,-153.413000,
-17.956000,-3.986000,154.063000,-179.981000,-0.084000,-154.679000,
-17.885000,-3.901000,154.065000,-179.983000,-0.079000,-155.914000,
-17.818000,-3.818000,154.067000,-179.985000,-0.074000,-157.120000,
-17.729000,-3.702000,154.069000,-179.988000,-0.066000,-158.821000,
-17.659000,-3.602000,154.071000,-179.990000,-0.058000,-160.290000,
-17.595000,-3.506000,154.072000,-179.992000,-0.049000,-161.720000,
-17.530000,-3.398000,154.073000,-179.995000,-0.037000,-163.346000,
-17.472000,-3.291000,154.073000,-179.997000,-0.023000,-164.991000,
-17.424000,-3.190000,154.072000,-179.999000,-0.007000,-166.579000,
-17.385000,-3.091000,154.071000,179.999000,0.010000,-168.144000,
-17.354000,-2.996000,154.070000,179.997000,0.029000,-169.682000,
-17.328000,-2.904000,154.068000,179.996000,0.048000,-171.199000,
-17.307000,-2.817000,154.066000,179.996000,0.069000,-172.700000,
-17.290000,-2.733000,154.063000,179.995000,0.089000,-174.186000,
-17.275000,-2.654000,154.061000,179.996000,0.110000,-175.661000,
-17.263000,-2.579000,154.058000,179.997000,0.130000,-177.127000,
-17.252000,-2.508000,154.055000,179.998000,0.150000,-178.585000,
-17.239000,-2.420000,154.051000,-179.999000,0.176000,179.480000,
-17.226000,-2.337000,154.048000,-179.996000,0.201000,177.558000,
-17.219000,-2.252000,154.044000,-179.991000,0.226000,175.682000,
-17.216000,-2.165000,154.039000,-179.987000,0.251000,173.852000,
-17.217000,-2.076000,154.035000,-179.981000,0.275000,172.063000,
-17.219000,-1.984000,154.031000,-179.975000,0.299000,170.308000,
-17.226000,-1.887000,154.026000,-179.968000,0.322000,168.606000,
-17.239000,-1.780000,154.021000,-179.961000,0.345000,166.971000,
-17.261000,-1.665000,154.016000,-179.953000,0.369000,165.400000,
-17.290000,-1.542000,154.011000,-179.944000,0.395000,163.886000,
-17.329000,-1.412000,154.005000,-179.935000,0.422000,162.426000,
-17.374000,-1.280000,153.998000,-179.925000,0.449000,160.997000,
-17.426000,-1.147000,153.992000,-179.914000,0.478000,159.588000,
-17.485000,-1.013000,153.985000,-179.902000,0.507000,158.198000,
-17.551000,-0.880000,153.977000,-179.890000,0.538000,156.826000,
-17.623000,-0.746000,153.969000,-179.876000,0.569000,155.470000,
-17.704000,-0.613000,153.961000,-179.862000,0.602000,154.128000,
-17.791000,-0.480000,153.953000,-179.846000,0.636000,152.801000,
-17.887000,-0.349000,153.944000,-179.829000,0.671000,151.485000,
-17.991000,-0.219000,153.934000,-179.811000,0.708000,150.180000,
-18.104000,-0.091000,153.924000,-179.792000,0.747000,148.884000,
-18.225000,0.035000,153.913000,-179.771000,0.787000,147.597000,
-18.352000,0.160000,153.902000,-179.749000,0.829000,146.317000,
-18.486000,0.282000,153.891000,-179.726000,0.871000,145.044000,
-18.623000,0.404000,153.879000,-179.702000,0.912000,143.775000,
-18.762000,0.524000,153.867000,-179.676000,0.954000,142.510000,
-18.903000,0.644000,153.856000,-179.650000,0.994000,141.247000,
-19.042000,0.763000,153.845000,-179.624000,1.032000,139.983000,
-19.180000,0.883000,153.834000,-179.598000,1.068000,138.718000,
-19.314000,1.004000,153.824000,-179.571000,1.101000,137.450000,
-19.442000,1.128000,153.814000,-179.545000,1.130000,136.186000,
-19.568000,1.263000,153.805000,-179.520000,1.157000,134.962000,
-19.691000,1.410000,153.797000,-179.495000,1.183000,133.784000,
-19.814000,1.569000,153.788000,-179.470000,1.208000,132.654000,
-19.938000,1.739000,153.780000,-179.446000,1.232000,131.571000,
-20.063000,1.921000,153.772000,-179.421000,1.256000,130.536000,
-20.192000,2.115000,153.764000,-179.396000,1.281000,129.552000,
-20.318000,2.309000,153.756000,-179.372000,1.306000,128.662000,
-20.455000,2.524000,153.747000,-179.347000,1.333000,127.775000,
-20.598000,2.750000,153.738000,-179.320000,1.362000,126.938000,
-20.747000,2.977000,153.729000,-179.292000,1.393000,126.116000,
-20.901000,3.205000,153.720000,-179.264000,1.423000,125.293000,
-21.059000,3.434000,153.710000,-179.235000,1.453000,124.469000,
-21.219000,3.664000,153.701000,-179.206000,1.483000,123.644000,
-21.380000,3.896000,153.693000,-179.177000,1.511000,122.816000,
-21.540000,4.131000,153.685000,-179.148000,1.537000,121.987000,
-21.698000,4.371000,153.677000,-179.120000,1.560000,121.155000,
-21.852000,4.614000,153.670000,-179.094000,1.580000,120.324000,
-21.997000,4.860000,153.665000,-179.069000,1.596000,119.514000,
-22.115000,5.086000,153.661000,-179.050000,1.609000,118.862000,
-22.209000,5.286000,153.657000,-179.035000,1.618000,118.356000,
-22.333000,5.586000,153.654000,-179.015000,1.630000,117.705000,
-22.432000,5.861000,153.651000,-178.999000,1.640000,117.202000,
-22.507000,6.094000,153.650000,-178.987000,1.647000,116.837000,
-22.595000,6.399000,153.648000,-178.974000,1.656000,116.428000,
-22.661000,6.655000,153.647000,-178.964000,1.663000,116.138000,
-22.737000,6.990000,153.646000,-178.952000,1.672000,115.825000,
-22.793000,7.269000,153.645000,-178.943000,1.679000,115.613000,
-22.858000,7.633000,153.645000,-178.932000,1.689000,115.398000,
-22.913000,7.967000,153.645000,-178.923000,1.697000,115.225000,
-22.967000,8.302000,153.645000,-178.915000,1.705000,115.050000,
-23.016000,8.601000,153.645000,-178.907000,1.712000,114.892000,
-23.077000,8.976000,153.646000,-178.898000,1.719000,114.693000,
-23.125000,9.276000,153.646000,-178.891000,1.725000,114.531000,
-23.187000,9.653000,153.647000,-178.883000,1.731000,114.326000,
-23.237000,9.954000,153.648000,-178.876000,1.736000,114.160000,
-23.301000,10.332000,153.649000,-178.868000,1.742000,113.950000,
-23.353000,10.635000,153.650000,-178.861000,1.746000,113.780000,
-23.420000,11.013000,153.651000,-178.853000,1.752000,113.565000,
-23.475000,11.316000,153.652000,-178.846000,1.756000,113.391000,
-23.545000,11.696000,153.653000,-178.838000,1.761000,113.174000,
-23.609000,12.039000,153.654000,-178.830000,1.767000,112.979000,
-23.675000,12.382000,153.655000,-178.823000,1.772000,112.785000,
-23.734000,12.688000,153.656000,-178.816000,1.776000,112.612000,
-23.810000,13.072000,153.658000,-178.807000,1.782000,112.397000,
-23.871000,13.380000,153.659000,-178.800000,1.786000,112.226000,
-23.949000,13.766000,153.660000,-178.791000,1.792000,112.013000,
-24.012000,14.076000,153.661000,-178.784000,1.797000,111.843000,
-24.092000,14.464000,153.663000,-178.776000,1.802000,111.631000,
-24.157000,14.776000,153.665000,-178.769000,1.807000,111.462000,
-24.239000,15.167000,153.666000,-178.760000,1.812000,111.251000,
-24.313000,15.521000,153.668000,-178.753000,1.817000,111.062000,
-24.388000,15.875000,153.670000,-178.745000,1.822000,110.874000,
-24.455000,16.192000,153.671000,-178.738000,1.826000,110.707000,
-24.540000,16.589000,153.674000,-178.730000,1.831000,110.499000,
-24.609000,16.907000,153.675000,-178.723000,1.834000,110.334000,
-24.694000,17.308000,153.678000,-178.715000,1.839000,110.127000,
-24.764000,17.629000,153.680000,-178.709000,1.842000,109.963000,
-24.850000,18.033000,153.682000,-178.701000,1.846000,109.758000,
-24.920000,18.357000,153.684000,-178.695000,1.849000,109.595000,
-25.009000,18.763000,153.687000,-178.688000,1.852000,109.384000,
-25.085000,19.086000,153.689000,-178.682000,1.855000,109.207000,
-25.184000,19.487000,153.692000,-178.675000,1.857000,108.974000,
-25.279000,19.847000,153.694000,-178.668000,1.859000,108.753000,
-25.379000,20.204000,153.696000,-178.661000,1.861000,108.522000,
-25.473000,20.519000,153.698000,-178.654000,1.862000,108.307000,
-25.598000,20.911000,153.700000,-178.646000,1.865000,108.027000,
-25.704000,21.221000,153.702000,-178.639000,1.867000,107.793000,
-25.845000,21.606000,153.704000,-178.629000,1.869000,107.488000,
-25.963000,21.912000,153.706000,-178.621000,1.872000,107.238000,
-26.094000,22.311000,153.708000,-178.610000,1.877000,106.977000,
-26.191000,22.721000,153.712000,-178.602000,1.883000,106.797000,
-26.251000,23.095000,153.715000,-178.595000,1.888000,106.699000,
-26.286000,23.521000,153.720000,-178.590000,1.893000,106.652000,
-26.289000,23.971000,153.726000,-178.588000,1.897000,106.669000,
-26.252000,24.483000,153.733000,-178.588000,1.899000,106.756000,
-26.184000,24.949000,153.739000,-178.592000,1.898000,106.888000,
-26.087000,25.416000,153.747000,-178.599000,1.895000,107.065000,
-26.059000,25.936000,153.753000,-178.608000,1.883000,107.056000,
-26.056000,25.934000,154.170000,-178.608000,1.883000,107.063000,
-26.053000,25.932000,154.587000,-178.608000,1.883000,107.071000,
-26.050000,25.930000,154.954000,-178.608000,1.883000,107.078000,
-26.046000,25.928000,155.371000,-178.608000,1.884000,107.085000,
-26.044000,25.927000,155.737000,-178.608000,1.884000,107.092000,
-26.040000,25.925000,156.155000,-178.608000,1.884000,107.100000,
-26.036000,25.922000,156.642000,-178.608000,1.884000,107.108000,
-26.032000,25.920000,157.097000,-178.608000,1.885000,107.117000,
-26.029000,25.918000,157.486000,-178.608000,1.885000,107.124000,
-26.026000,25.916000,157.875000,-178.608000,1.885000,107.131000,
-26.048000,25.402000,157.868000,-178.602000,1.894000,107.135000,
-26.158000,24.927000,157.861000,-178.595000,1.896000,106.926000,
-26.238000,24.454000,157.854000,-178.591000,1.895000,106.764000,
-26.287000,23.934000,157.846000,-178.590000,1.893000,106.649000,
-26.296000,23.510000,157.841000,-178.592000,1.889000,106.612000,
-26.268000,23.045000,157.836000,-178.596000,1.885000,106.642000,
-26.214000,22.667000,157.832000,-178.602000,1.880000,106.731000,
-26.121000,22.254000,157.828000,-178.610000,1.875000,106.907000,
-25.991000,21.854000,157.826000,-178.620000,1.871000,107.169000,
-25.871000,21.550000,157.824000,-178.628000,1.869000,107.424000,
-25.728000,21.166000,157.822000,-178.638000,1.866000,107.733000,
-25.620000,20.857000,157.821000,-178.645000,1.864000,107.970000,
-25.492000,20.468000,157.818000,-178.654000,1.861000,108.252000,
-25.396000,20.154000,157.817000,-178.661000,1.859000,108.468000,
-25.282000,19.759000,157.814000,-178.669000,1.856000,108.725000,
-25.196000,19.441000,157.812000,-178.676000,1.853000,108.921000,
-25.094000,19.041000,157.810000,-178.684000,1.850000,109.153000,
-25.017000,18.720000,157.808000,-178.690000,1.847000,109.329000,
-24.926000,18.315000,157.805000,-178.698000,1.843000,109.536000,
-24.856000,17.991000,157.803000,-178.704000,1.840000,109.698000,
-24.769000,17.588000,157.801000,-178.712000,1.836000,109.901000,
-24.699000,17.267000,157.799000,-178.719000,1.832000,110.064000,
-24.613000,16.866000,157.796000,-178.727000,1.828000,110.268000,
-24.545000,16.547000,157.795000,-178.733000,1.824000,110.433000,
-24.461000,16.150000,157.792000,-178.741000,1.819000,110.639000,
-24.394000,15.833000,157.791000,-178.748000,1.815000,110.804000,
-24.311000,15.439000,157.789000,-178.756000,1.810000,111.013000,
-24.246000,15.124000,157.787000,-178.763000,1.806000,111.180000,
-24.165000,14.732000,157.785000,-178.771000,1.801000,111.389000,
-24.101000,14.420000,157.784000,-178.777000,1.797000,111.558000,
-24.023000,14.030000,157.782000,-178.786000,1.792000,111.769000,
-23.961000,13.720000,157.781000,-178.792000,1.788000,111.939000,
-23.884000,13.333000,157.779000,-178.801000,1.783000,112.152000,
-23.824000,13.024000,157.778000,-178.807000,1.779000,112.323000,
-23.749000,12.640000,157.776000,-178.815000,1.774000,112.538000,
-23.691000,12.333000,157.775000,-178.822000,1.770000,112.710000,
-23.619000,11.951000,157.774000,-178.830000,1.765000,112.927000,
-23.563000,11.646000,157.773000,-178.837000,1.761000,113.100000,
-23.493000,11.266000,157.772000,-178.845000,1.756000,113.318000,
-23.439000,10.962000,157.771000,-178.851000,1.752000,113.492000,
-23.373000,10.583000,157.769000,-178.859000,1.747000,113.707000,
-23.322000,10.280000,157.768000,-178.865000,1.743000,113.876000,
-23.260000,9.901000,157.767000,-178.873000,1.738000,114.083000,
-23.211000,9.598000,157.766000,-178.880000,1.733000,114.247000,
-23.151000,9.220000,157.765000,-178.888000,1.727000,114.448000,
-23.104000,8.918000,157.765000,-178.894000,1.722000,114.607000,
-23.046000,8.541000,157.764000,-178.903000,1.716000,114.802000,
-23.000000,8.239000,157.764000,-178.909000,1.710000,114.956000,
-22.944000,7.863000,157.763000,-178.918000,1.703000,115.145000,
-22.899000,7.563000,157.763000,-178.925000,1.697000,115.293000,
-22.839000,7.197000,157.763000,-178.934000,1.689000,115.509000,
-22.788000,6.914000,157.763000,-178.942000,1.684000,115.720000,
-22.717000,6.575000,157.763000,-178.952000,1.677000,116.029000,
-22.657000,6.315000,157.764000,-178.961000,1.672000,116.313000,
-22.575000,6.004000,157.765000,-178.974000,1.665000,116.713000,
-22.505000,5.767000,157.766000,-178.985000,1.659000,117.069000,
-22.410000,5.487000,157.768000,-178.999000,1.651000,117.559000,
-22.329000,5.274000,157.770000,-179.012000,1.643000,117.986000,
-22.232000,5.049000,157.773000,-179.028000,1.634000,118.504000,
-22.129000,4.837000,157.777000,-179.045000,1.623000,119.060000,
-22.020000,4.638000,157.781000,-179.063000,1.611000,119.652000,
-21.905000,4.447000,157.785000,-179.083000,1.597000,120.256000,
-21.747000,4.200000,157.793000,-179.111000,1.574000,121.063000,
-21.583000,3.960000,157.801000,-179.140000,1.548000,121.873000,
-21.418000,3.725000,157.809000,-179.170000,1.519000,122.686000,
-21.251000,3.494000,157.819000,-179.200000,1.489000,123.502000,
-21.086000,3.267000,157.828000,-179.230000,1.458000,124.321000,
-20.924000,3.041000,157.838000,-179.260000,1.427000,125.145000,
-20.768000,2.816000,157.847000,-179.288000,1.396000,125.972000,
-20.618000,2.591000,157.856000,-179.316000,1.366000,126.805000,
-20.477000,2.372000,157.865000,-179.343000,1.338000,127.670000,
-20.342000,2.162000,157.873000,-179.368000,1.313000,128.582000,
-20.213000,1.961000,157.881000,-179.393000,1.288000,129.540000,
-20.087000,1.771000,157.889000,-179.417000,1.265000,130.542000,
-19.964000,1.592000,157.897000,-179.442000,1.242000,131.590000,
-19.841000,1.424000,157.905000,-179.466000,1.218000,132.680000,
-19.717000,1.267000,157.914000,-179.491000,1.193000,133.813000,
-19.590000,1.122000,157.923000,-179.517000,1.166000,134.988000,
-19.459000,0.988000,157.932000,-179.543000,1.137000,136.203000,
-19.322000,0.863000,157.943000,-179.570000,1.104000,137.441000,
-19.179000,0.740000,157.954000,-179.598000,1.067000,138.681000,
-19.032000,0.620000,157.965000,-179.625000,1.027000,139.924000,
-18.882000,0.502000,157.977000,-179.653000,0.986000,141.171000,
-18.732000,0.384000,157.990000,-179.680000,0.942000,142.425000,
-18.584000,0.266000,158.002000,-179.706000,0.897000,143.687000,
-18.438000,0.148000,158.014000,-179.731000,0.853000,144.958000,
-18.298000,0.030000,158.026000,-179.755000,0.808000,146.240000,
-18.164000,-0.090000,158.038000,-179.777000,0.765000,147.534000,
-18.039000,-0.210000,158.049000,-179.798000,0.723000,148.841000,
-17.922000,-0.333000,158.059000,-179.818000,0.683000,150.158000,
-17.814000,-0.458000,158.069000,-179.836000,0.644000,151.483000,
-17.715000,-0.584000,158.079000,-179.853000,0.608000,152.818000,
-17.624000,-0.712000,158.088000,-179.869000,0.573000,154.165000,
-17.542000,-0.841000,158.096000,-179.883000,0.539000,155.524000,
-17.468000,-0.971000,158.104000,-179.896000,0.507000,156.898000,
-17.403000,-1.102000,158.111000,-179.909000,0.476000,158.288000,
-17.345000,-1.233000,158.118000,-179.920000,0.447000,159.695000,
-17.296000,-1.363000,158.124000,-179.930000,0.420000,161.120000,
-17.256000,-1.493000,158.130000,-179.940000,0.394000,162.568000,
-17.225000,-1.619000,158.136000,-179.948000,0.369000,164.057000,
-17.204000,-1.738000,158.141000,-179.956000,0.347000,165.597000,
-17.190000,-1.850000,158.145000,-179.964000,0.325000,167.192000,
-17.183000,-1.954000,158.150000,-179.970000,0.303000,168.847000,
-17.180000,-2.050000,158.154000,-179.977000,0.281000,170.561000,
-17.177000,-2.143000,158.158000,-179.983000,0.257000,172.313000,
-17.176000,-2.233000,158.163000,-179.988000,0.233000,174.106000,
-17.179000,-2.319000,158.167000,-179.993000,0.207000,175.943000,
-17.186000,-2.402000,158.171000,-179.997000,0.182000,177.831000,
-17.195000,-2.487000,158.175000,-180.000000,0.156000,179.749000,
-17.204000,-2.579000,158.179000,179.998000,0.128000,-178.323000,
-17.212000,-2.652000,158.182000,179.997000,0.107000,-176.868000,
-17.223000,-2.728000,158.185000,179.997000,0.086000,-175.403000,
-17.235000,-2.808000,158.188000,179.997000,0.064000,-173.925000,
-17.252000,-2.892000,158.190000,179.997000,0.043000,-172.433000,
-17.272000,-2.980000,158.193000,179.998000,0.023000,-170.923000,
-17.299000,-3.070000,158.194000,180.000000,0.003000,-169.392000,
-17.333000,-3.163000,158.196000,-179.998000,-0.015000,-167.836000,
-17.375000,-3.259000,158.197000,-179.996000,-0.032000,-166.250000,
-17.427000,-3.356000,158.197000,-179.994000,-0.046000,-164.656000,
-17.489000,-3.461000,158.196000,-179.991000,-0.060000,-162.995000,
-17.556000,-3.566000,158.196000,-179.988000,-0.071000,-161.367000,
-17.622000,-3.660000,158.194000,-179.986000,-0.080000,-159.929000,
-17.694000,-3.759000,158.193000,-179.983000,-0.088000,-158.454000,
-17.783000,-3.874000,158.190000,-179.980000,-0.096000,-156.759000,
-17.849000,-3.956000,158.189000,-179.978000,-0.102000,-155.554000,
-17.919000,-4.041000,158.187000,-179.976000,-0.107000,-154.322000,
-17.993000,-4.129000,158.184000,-179.973000,-0.112000,-153.061000,
-18.071000,-4.219000,158.182000,-179.970000,-0.117000,-151.764000,
-18.153000,-4.312000,158.180000,-179.968000,-0.123000,-150.429000,
-18.241000,-4.405000,158.177000,-179.964000,-0.129000,-149.042000,
-18.335000,-4.500000,158.174000,-179.961000,-0.134000,-147.594000,
-18.438000,-4.596000,158.170000,-179.957000,-0.140000,-146.074000,
-18.550000,-4.692000,158.167000,-179.954000,-0.145000,-144.468000,
-18.638000,-4.760000,158.163000,-179.951000,-0.148000,-143.257000,
-18.744000,-4.836000,158.160000,-179.948000,-0.152000,-141.837000,
-18.853000,-4.908000,158.156000,-179.944000,-0.155000,-140.413000,
-18.972000,-4.978000,158.151000,-179.941000,-0.157000,-138.910000,
-19.084000,-5.035000,158.147000,-179.938000,-0.158000,-137.537000,
-19.198000,-5.093000,158.143000,-179.936000,-0.160000,-136.151000,
-19.307000,-5.179000,158.139000,-179.931000,-0.165000,-134.729000,
-19.409000,-5.310000,158.135000,-179.924000,-0.175000,-133.259000,
-19.473000,-5.429000,158.133000,-179.918000,-0.184000,-132.263000,
-19.541000,-5.605000,158.130000,-179.910000,-0.198000,-131.123000,
-19.596000,-5.804000,158.127000,-179.901000,-0.212000,-130.121000,
-19.642000,-6.035000,158.124000,-179.892000,-0.227000,-129.222000,
-19.684000,-6.314000,158.121000,-179.883000,-0.243000,-128.393000,
-19.721000,-6.627000,158.117000,-179.874000,-0.257000,-127.684000,
-19.747000,-6.894000,158.114000,-179.868000,-0.266000,-127.221000,
-19.793000,-7.254000,158.108000,-179.863000,-0.272000,-126.688000,
-19.870000,-7.607000,158.100000,-179.864000,-0.268000,-126.160000,
-19.969000,-7.935000,158.091000,-179.869000,-0.255000,-125.661000,
-20.063000,-8.190000,158.082000,-179.876000,-0.240000,-125.272000,
-20.203000,-8.515000,158.070000,-179.888000,-0.215000,-124.772000,
-20.327000,-8.774000,158.060000,-179.899000,-0.191000,-124.374000,
-20.493000,-9.090000,158.047000,-179.916000,-0.157000,-123.892000,
-20.478000,-9.071000,158.422000,-179.913000,-0.163000,-123.892000,
-20.463000,-9.052000,158.798000,-179.910000,-0.168000,-123.892000,
-20.445000,-9.030000,159.248000,-179.907000,-0.175000,-123.892000,
-20.428000,-9.009000,159.674000,-179.904000,-0.181000,-123.892000,
-20.413000,-8.991000,160.032000,-179.901000,-0.186000,-123.891000,
-20.396000,-8.971000,160.449000,-179.897000,-0.192000,-123.891000,
-20.377000,-8.947000,160.924000,-179.894000,-0.199000,-123.891000,
-20.358000,-8.925000,161.374000,-179.890000,-0.206000,-123.891000,
-20.343000,-8.907000,161.741000,-179.887000,-0.211000,-123.891000,
-20.328000,-8.889000,162.109000,-179.885000,-0.217000,-123.890000,
-20.169000,-8.616000,162.122000,-179.869000,-0.249000,-124.357000,
-20.027000,-8.359000,162.133000,-179.856000,-0.276000,-124.813000,
-19.880000,-8.061000,162.145000,-179.844000,-0.302000,-125.350000,
-19.746000,-7.747000,162.156000,-179.835000,-0.323000,-125.930000,
-19.638000,-7.426000,162.165000,-179.831000,-0.335000,-126.529000,
-19.557000,-7.096000,162.173000,-179.832000,-0.337000,-127.148000,
-19.518000,-6.840000,162.177000,-179.837000,-0.332000,-127.633000,
-19.476000,-6.521000,162.182000,-179.846000,-0.319000,-128.358000,
-19.438000,-6.236000,162.185000,-179.857000,-0.302000,-129.179000,
-19.401000,-5.992000,162.187000,-179.868000,-0.284000,-130.060000,
-19.358000,-5.771000,162.189000,-179.879000,-0.265000,-131.064000,
-19.304000,-5.572000,162.191000,-179.891000,-0.246000,-132.217000,
-19.253000,-5.433000,162.193000,-179.900000,-0.232000,-133.230000,
-19.199000,-5.322000,162.195000,-179.907000,-0.220000,-134.224000,
-19.111000,-5.199000,162.198000,-179.916000,-0.206000,-135.654000,
-19.012000,-5.111000,162.201000,-179.922000,-0.197000,-137.095000,
-18.902000,-5.043000,162.205000,-179.927000,-0.192000,-138.578000,
-18.779000,-4.963000,162.209000,-179.933000,-0.186000,-140.253000,
-18.675000,-4.888000,162.212000,-179.938000,-0.180000,-141.712000,
-18.574000,-4.808000,162.215000,-179.942000,-0.174000,-143.156000,
-18.477000,-4.724000,162.219000,-179.946000,-0.168000,-144.589000,
-18.398000,-4.653000,162.221000,-179.950000,-0.162000,-145.767000,
-18.295000,-4.551000,162.224000,-179.955000,-0.155000,-147.364000,
-18.200000,-4.451000,162.227000,-179.959000,-0.147000,-148.877000,
-18.113000,-4.353000,162.230000,-179.963000,-0.140000,-150.319000,
-18.032000,-4.256000,162.232000,-179.966000,-0.133000,-151.701000,
-17.956000,-4.161000,162.234000,-179.970000,-0.126000,-153.032000,
-17.863000,-4.044000,162.237000,-179.974000,-0.118000,-154.698000,
-17.776000,-3.933000,162.239000,-179.977000,-0.109000,-156.301000,
-17.714000,-3.851000,162.240000,-179.980000,-0.103000,-157.509000,
-17.630000,-3.737000,162.242000,-179.983000,-0.093000,-159.216000,
-17.561000,-3.640000,162.244000,-179.986000,-0.084000,-160.697000,
-17.499000,-3.548000,162.245000,-179.988000,-0.075000,-162.144000,
-17.434000,-3.447000,162.245000,-179.991000,-0.062000,-163.788000,
-17.376000,-3.347000,162.245000,-179.994000,-0.048000,-165.466000,
-17.327000,-3.254000,162.245000,-179.996000,-0.033000,-167.079000,
-17.287000,-3.163000,162.244000,-179.999000,-0.015000,-168.685000,
-17.257000,-3.074000,162.242000,180.000000,0.004000,-170.248000,
-17.234000,-2.987000,162.240000,179.998000,0.025000,-171.784000,
-17.217000,-2.903000,162.237000,179.997000,0.046000,-173.298000,
-17.204000,-2.822000,162.235000,179.997000,0.069000,-174.792000,
-17.196000,-2.743000,162.232000,179.997000,0.091000,-176.269000,
-17.190000,-2.668000,162.228000,179.998000,0.113000,-177.733000,
-17.185000,-2.574000,162.224000,180.000000,0.143000,-179.667000,
-17.181000,-2.485000,162.219000,-179.998000,0.171000,178.414000,
-17.178000,-2.401000,162.215000,-179.994000,0.199000,176.507000,
-17.179000,-2.317000,162.210000,-179.989000,0.226000,174.643000,
-17.184000,-2.228000,162.206000,-179.984000,0.253000,172.831000,
-17.191000,-2.135000,162.201000,-179.978000,0.279000,171.066000,
-17.200000,-2.039000,162.196000,-179.972000,0.303000,169.342000,
-17.209000,-1.939000,162.192000,-179.965000,0.326000,167.661000,
-17.222000,-1.831000,162.187000,-179.957000,0.348000,166.034000,
-17.241000,-1.717000,162.182000,-179.949000,0.371000,164.458000,
-17.267000,-1.598000,162.177000,-179.941000,0.394000,162.929000,
-17.303000,-1.473000,162.171000,-179.931000,0.419000,161.443000,
-17.349000,-1.347000,162.165000,-179.921000,0.447000,159.987000,
-17.404000,-1.220000,162.158000,-179.910000,0.475000,158.551000,
-17.469000,-1.094000,162.151000,-179.898000,0.506000,157.133000,
-17.542000,-0.968000,162.143000,-179.884000,0.538000,155.732000,
-17.625000,-0.843000,162.134000,-179.870000,0.572000,154.344000,
-17.716000,-0.720000,162.125000,-179.854000,0.608000,152.971000,
-17.816000,-0.598000,162.116000,-179.837000,0.645000,151.609000,
-17.925000,-0.478000,162.106000,-179.818000,0.684000,150.257000,
-18.043000,-0.360000,162.095000,-179.798000,0.725000,148.914000,
-18.171000,-0.245000,162.084000,-179.777000,0.767000,147.578000,
-18.307000,-0.132000,162.072000,-179.754000,0.812000,146.256000,
-18.452000,-0.018000,162.060000,-179.729000,0.857000,144.953000,
-18.603000,0.095000,162.047000,-179.703000,0.904000,143.667000,
-18.759000,0.209000,162.034000,-179.676000,0.951000,142.397000,
-18.917000,0.324000,162.021000,-179.648000,0.998000,141.142000,
-19.076000,0.441000,162.008000,-179.619000,1.043000,139.900000,
-19.233000,0.561000,161.996000,-179.590000,1.086000,138.670000,
-19.387000,0.684000,161.983000,-179.561000,1.127000,137.450000,
-19.534000,0.811000,161.972000,-179.533000,1.164000,136.239000,
-19.674000,0.944000,161.962000,-179.505000,1.197000,135.039000,
-19.807000,1.088000,161.952000,-179.478000,1.226000,133.870000,
-19.904000,1.203000,161.945000,-179.458000,1.246000,133.017000,
-20.029000,1.367000,161.937000,-179.433000,1.271000,131.912000,
-20.153000,1.541000,161.929000,-179.408000,1.295000,130.843000,
-20.277000,1.725000,161.921000,-179.383000,1.317000,129.813000,
-20.403000,1.920000,161.913000,-179.358000,1.340000,128.823000,
-20.533000,2.124000,161.905000,-179.333000,1.363000,127.872000,
-20.663000,2.325000,161.898000,-179.308000,1.387000,127.006000,
-20.807000,2.543000,161.889000,-179.281000,1.415000,126.135000,
-20.961000,2.765000,161.880000,-179.253000,1.444000,125.288000,
-21.123000,2.988000,161.870000,-179.223000,1.475000,124.451000,
-21.289000,3.213000,161.860000,-179.192000,1.507000,123.625000,
-21.459000,3.442000,161.851000,-179.161000,1.539000,122.809000,
-21.630000,3.675000,161.842000,-179.130000,1.570000,122.003000,
-21.799000,3.914000,161.833000,-179.099000,1.599000,121.207000,
-21.963000,4.160000,161.825000,-179.070000,1.625000,120.424000,
-22.117000,4.410000,161.818000,-179.043000,1.647000,119.667000,
-22.242000,4.632000,161.813000,-179.021000,1.662000,119.027000,
-22.347000,4.845000,161.810000,-179.004000,1.674000,118.480000,
-22.444000,5.072000,161.807000,-178.988000,1.684000,117.968000,
-22.525000,5.286000,161.804000,-178.974000,1.691000,117.544000,
-22.619000,5.568000,161.802000,-178.960000,1.700000,117.056000,
-22.689000,5.806000,161.801000,-178.949000,1.705000,116.700000,
-22.769000,6.118000,161.800000,-178.937000,1.711000,116.298000,
-22.836000,6.412000,161.800000,-178.927000,1.717000,115.977000,
-22.897000,6.719000,161.800000,-178.918000,1.722000,115.694000,
-22.953000,7.038000,161.800000,-178.910000,1.727000,115.451000,
-23.005000,7.368000,161.801000,-178.902000,1.732000,115.248000,
-23.053000,7.708000,161.802000,-178.894000,1.738000,115.079000,
-23.102000,8.050000,161.802000,-178.887000,1.744000,114.912000,
-23.145000,8.354000,161.803000,-178.881000,1.749000,114.761000,
-23.201000,8.735000,161.804000,-178.873000,1.754000,114.569000,
-23.246000,9.040000,161.805000,-178.867000,1.759000,114.412000,
-23.303000,9.421000,161.806000,-178.859000,1.764000,114.213000,
-23.351000,9.726000,161.807000,-178.853000,1.768000,114.051000,
-23.411000,10.108000,161.809000,-178.846000,1.772000,113.844000,
-23.468000,10.451000,161.810000,-178.839000,1.776000,113.655000,
-23.525000,10.795000,161.811000,-178.832000,1.780000,113.462000,
-23.585000,11.138000,161.813000,-178.825000,1.784000,113.266000,
-23.646000,11.482000,161.814000,-178.818000,1.788000,113.069000,
-23.702000,11.789000,161.815000,-178.812000,1.791000,112.894000,
-23.772000,12.173000,161.817000,-178.804000,1.796000,112.677000,
-23.830000,12.481000,161.818000,-178.798000,1.799000,112.503000,
-23.903000,12.868000,161.820000,-178.790000,1.804000,112.288000,
-23.962000,13.178000,161.821000,-178.784000,1.807000,112.116000,
-24.037000,13.567000,161.823000,-178.776000,1.812000,111.902000,
-24.099000,13.880000,161.825000,-178.769000,1.815000,111.731000,
-24.177000,14.271000,161.827000,-178.761000,1.820000,111.519000,
-24.248000,14.624000,161.828000,-178.754000,1.824000,111.329000,
-24.320000,14.979000,161.830000,-178.747000,1.828000,111.139000,
-24.385000,15.295000,161.832000,-178.740000,1.832000,110.972000,
-24.467000,15.691000,161.834000,-178.732000,1.836000,110.763000,
-24.534000,16.009000,161.836000,-178.726000,1.840000,110.597000,
-24.618000,16.408000,161.838000,-178.718000,1.845000,110.390000,
-24.687000,16.728000,161.840000,-178.711000,1.848000,110.226000,
-24.773000,17.130000,161.842000,-178.703000,1.853000,110.021000,
-24.843000,17.452000,161.844000,-178.696000,1.857000,109.858000,
-24.931000,17.856000,161.847000,-178.688000,1.861000,109.655000,
-25.011000,18.222000,161.849000,-178.681000,1.865000,109.474000,
-25.094000,18.586000,161.852000,-178.674000,1.869000,109.287000,
-25.172000,18.909000,161.854000,-178.667000,1.872000,109.112000,
-25.276000,19.309000,161.856000,-178.659000,1.876000,108.881000,
-25.363000,19.628000,161.858000,-178.652000,1.879000,108.686000,
-25.479000,20.023000,161.861000,-178.643000,1.883000,108.429000,
-25.576000,20.337000,161.863000,-178.636000,1.885000,108.213000,
-25.705000,20.727000,161.865000,-178.626000,1.888000,107.929000,
-25.814000,21.037000,161.867000,-178.619000,1.890000,107.691000,
-25.958000,21.421000,161.869000,-178.609000,1.893000,107.380000,
-26.093000,21.765000,161.871000,-178.600000,1.895000,107.091000,
-26.209000,22.127000,161.873000,-178.592000,1.898000,106.855000,
-26.300000,22.544000,161.877000,-178.584000,1.902000,106.680000,
-26.351000,22.926000,161.881000,-178.579000,1.906000,106.596000,
-26.373000,23.396000,161.886000,-178.575000,1.911000,106.576000,
-26.360000,23.826000,161.892000,-178.573000,1.915000,106.625000,
-26.304000,24.352000,161.900000,-178.574000,1.918000,106.761000,
-26.219000,24.830000,161.907000,-178.577000,1.921000,106.943000,
-26.104000,25.308000,161.915000,-178.582000,1.922000,107.176000,
-26.061000,25.836000,161.922000,-178.587000,1.918000,107.239000,
-26.082000,25.815000,162.416000,-178.582000,1.925000,107.240000,
-26.102000,25.793000,162.910000,-178.576000,1.933000,107.241000,
-26.119000,25.776000,163.304000,-178.572000,1.939000,107.242000,
-26.135000,25.759000,163.699000,-178.567000,1.945000,107.243000,
-26.145000,25.748000,163.935000,-178.565000,1.948000,107.244000,
-26.160000,25.732000,164.292000,-178.561000,1.954000,107.245000,
-26.181000,25.711000,164.767000,-178.555000,1.961000,107.246000,
-26.200000,25.691000,165.214000,-178.550000,1.968000,107.247000,
