-26.710000,25.687000,115.719000,-178.543000,1.935000,106.040000,
-26.706000,25.689000,116.169000,-178.543000,1.935000,106.050000,
-26.703000,25.690000,116.538000,-178.543000,1.936000,106.058000,
-26.700000,25.691000,116.907000,-178.542000,1.936000,106.066000,
-26.604000,25.339000,116.904000,-178.541000,1.947000,106.303000,
-26.507000,24.922000,116.900000,-178.541000,1.955000,106.534000,
-26.422000,24.567000,116.897000,-178.543000,1.959000,106.730000,
-26.321000,24.159000,116.893000,-178.547000,1.962000,106.952000,
-26.215000,23.739000,116.890000,-178.553000,1.962000,107.177000,
-26.131000,23.406000,116.887000,-178.558000,1.961000,107.354000,
-26.026000,22.991000,116.883000,-178.566000,1.958000,107.571000,
-25.944000,22.659000,116.880000,-178.573000,1.955000,107.742000,
-25.844000,22.245000,116.877000,-178.581000,1.951000,107.950000,
-25.766000,21.914000,116.874000,-178.587000,1.948000,108.114000,
-25.670000,21.501000,116.871000,-178.595000,1.945000,108.322000,
-25.594000,21.173000,116.868000,-178.601000,1.943000,108.493000,
-25.498000,20.764000,116.865000,-178.609000,1.940000,108.712000,
-25.421000,20.440000,116.863000,-178.614000,1.938000,108.891000,
-25.325000,20.036000,116.859000,-178.622000,1.937000,109.119000,
-25.249000,19.716000,116.857000,-178.627000,1.935000,109.307000,
-25.153000,19.318000,116.854000,-178.635000,1.934000,109.545000,
-25.075000,19.002000,116.852000,-178.640000,1.932000,109.740000,
-24.979000,18.610000,116.849000,-178.648000,1.931000,109.989000,
-24.901000,18.298000,116.847000,-178.654000,1.929000,110.192000,
-24.805000,17.911000,116.845000,-178.662000,1.927000,110.445000,
-24.729000,17.601000,116.843000,-178.668000,1.925000,110.646000,
-24.636000,17.216000,116.840000,-178.676000,1.923000,110.894000,
-24.563000,16.907000,116.838000,-178.683000,1.920000,111.090000,
-24.474000,16.523000,116.836000,-178.691000,1.916000,111.332000,
-24.404000,16.216000,116.834000,-178.698000,1.913000,111.524000,
-24.319000,15.833000,116.832000,-178.706000,1.909000,111.760000,
-24.251000,15.527000,116.831000,-178.713000,1.905000,111.948000,
-24.169000,15.145000,116.829000,-178.722000,1.901000,112.179000,
-24.105000,14.840000,116.827000,-178.729000,1.896000,112.363000,
-24.026000,14.459000,116.825000,-178.738000,1.891000,112.589000,
-23.964000,14.155000,116.824000,-178.746000,1.887000,112.768000,
-23.888000,13.775000,116.822000,-178.755000,1.881000,112.990000,
-23.829000,13.472000,116.821000,-178.762000,1.876000,113.165000,
-23.756000,13.093000,116.819000,-178.771000,1.870000,113.382000,
-23.699000,12.790000,116.818000,-178.779000,1.864000,113.553000,
-23.630000,12.413000,116.817000,-178.788000,1.858000,113.765000,
-23.576000,12.111000,116.816000,-178.796000,1.852000,113.933000,
-23.509000,11.733000,116.815000,-178.805000,1.845000,114.141000,
-23.458000,11.432000,116.814000,-178.812000,1.839000,114.305000,
-23.394000,11.056000,116.813000,-178.822000,1.832000,114.508000,
-23.344000,10.756000,116.812000,-178.829000,1.826000,114.673000,
-23.280000,10.387000,116.811000,-178.839000,1.819000,114.897000,
-23.226000,10.096000,116.810000,-178.846000,1.814000,115.089000,
-23.157000,9.739000,116.810000,-178.857000,1.807000,115.346000,
-23.100000,9.458000,116.810000,-178.865000,1.801000,115.564000,
-23.025000,9.114000,116.810000,-178.876000,1.793000,115.854000,
-22.963000,8.844000,116.810000,-178.886000,1.786000,116.098000,
-22.882000,8.513000,116.811000,-178.899000,1.776000,116.419000,
-22.814000,8.255000,116.812000,-178.910000,1.767000,116.689000,
-22.725000,7.939000,116.814000,-178.925000,1.755000,117.041000,
-22.651000,7.692000,116.816000,-178.938000,1.744000,117.335000,
-22.553000,7.392000,116.819000,-178.956000,1.728000,117.720000,
-22.432000,7.057000,116.823000,-178.978000,1.707000,118.214000,
-22.341000,6.829000,116.826000,-178.995000,1.692000,118.596000,
-22.228000,6.565000,116.831000,-179.016000,1.674000,119.085000,
-22.093000,6.271000,116.837000,-179.041000,1.651000,119.699000,
-21.995000,6.070000,116.841000,-179.059000,1.636000,120.165000,
-21.877000,5.837000,116.846000,-179.081000,1.617000,120.755000,
-21.738000,5.577000,116.852000,-179.106000,1.596000,121.483000,
-21.597000,5.323000,116.859000,-179.131000,1.576000,122.272000,
-21.458000,5.079000,116.865000,-179.156000,1.557000,123.108000,
-21.323000,4.843000,116.871000,-179.180000,1.541000,123.977000,
-21.193000,4.610000,116.877000,-179.204000,1.525000,124.853000,
-21.066000,4.380000,116.883000,-179.227000,1.509000,125.736000,
-20.943000,4.153000,116.889000,-179.250000,1.492000,126.626000,
-20.822000,3.929000,116.895000,-179.273000,1.476000,127.524000,
-20.702000,3.710000,116.901000,-179.296000,1.458000,128.429000,
-20.583000,3.494000,116.908000,-179.319000,1.438000,129.342000,
-20.469000,3.294000,116.914000,-179.342000,1.418000,130.216000,
-20.348000,3.088000,116.922000,-179.366000,1.395000,131.144000,
-20.226000,2.886000,116.930000,-179.392000,1.369000,132.081000,
-20.102000,2.694000,116.939000,-179.418000,1.341000,133.050000,
-19.976000,2.513000,116.948000,-179.444000,1.312000,134.057000,
-19.851000,2.342000,116.957000,-179.470000,1.283000,135.104000,
-19.727000,2.180000,116.967000,-179.496000,1.252000,136.189000,
-19.605000,2.027000,116.976000,-179.522000,1.222000,137.314000,
-19.485000,1.882000,116.986000,-179.548000,1.192000,138.478000,
-19.397000,1.779000,116.993000,-179.567000,1.170000,139.378000,
-19.311000,1.680000,116.999000,-179.585000,1.149000,140.300000,
-19.201000,1.555000,117.008000,-179.609000,1.121000,141.564000,
-19.096000,1.436000,117.016000,-179.632000,1.095000,142.867000,
-18.996000,1.319000,117.024000,-179.654000,1.070000,144.186000,
-18.900000,1.197000,117.032000,-179.676000,1.044000,145.487000,
-18.806000,1.070000,117.040000,-179.696000,1.018000,146.770000,
-18.717000,0.938000,117.048000,-179.716000,0.992000,148.037000,
-18.631000,0.802000,117.056000,-179.735000,0.965000,149.290000,
-18.548000,0.660000,117.063000,-179.753000,0.937000,150.529000,
-18.468000,0.515000,117.071000,-179.771000,0.910000,151.756000,
-18.391000,0.365000,117.078000,-179.788000,0.881000,152.972000,
-18.318000,0.211000,117.086000,-179.805000,0.853000,154.178000,
-18.247000,0.054000,117.094000,-179.820000,0.824000,155.376000,
-18.181000,-0.105000,117.101000,-179.835000,0.794000,156.577000,
-18.120000,-0.259000,117.108000,-179.850000,0.766000,157.814000,
-18.065000,-0.407000,117.115000,-179.864000,0.739000,159.092000,
-18.015000,-0.548000,117.121000,-179.877000,0.712000,160.413000,
-17.970000,-0.683000,117.128000,-179.890000,0.685000,161.779000,
-17.929000,-0.811000,117.134000,-179.903000,0.659000,163.193000,
-17.893000,-0.932000,117.140000,-179.915000,0.633000,164.657000,
-17.860000,-1.044000,117.146000,-179.927000,0.606000,166.175000,
-17.831000,-1.149000,117.152000,-179.938000,0.579000,167.750000,
-17.804000,-1.245000,117.158000,-179.949000,0.550000,169.383000,
-17.778000,-1.336000,117.164000,-179.959000,0.520000,171.064000,
-17.748000,-1.431000,117.170000,-179.969000,0.487000,172.752000,
-17.718000,-1.530000,117.177000,-179.978000,0.452000,174.448000,
-17.689000,-1.634000,117.184000,-179.986000,0.415000,176.154000,
-17.663000,-1.742000,117.191000,-179.993000,0.378000,177.876000,
-17.643000,-1.853000,117.198000,-179.999000,0.341000,179.622000,
-17.631000,-1.964000,117.204000,179.996000,0.306000,-178.596000,
-17.627000,-2.048000,117.208000,179.993000,0.281000,-177.232000,
-17.630000,-2.132000,117.211000,179.991000,0.257000,-175.841000,
-17.639000,-2.215000,117.214000,179.989000,0.235000,-174.421000,
-17.653000,-2.300000,117.217000,179.987000,0.214000,-172.976000,
-17.671000,-2.390000,117.219000,179.986000,0.194000,-171.526000,
-17.693000,-2.486000,117.221000,179.985000,0.174000,-170.070000,
-17.720000,-2.588000,117.223000,179.985000,0.154000,-168.606000,
-17.750000,-2.696000,117.225000,179.985000,0.136000,-167.134000,
-17.785000,-2.811000,117.226000,179.985000,0.118000,-165.650000,
-17.826000,-2.933000,117.226000,179.986000,0.101000,-164.153000,
-17.872000,-3.061000,117.227000,179.987000,0.084000,-162.639000,
-17.925000,-3.196000,117.226000,179.989000,0.069000,-161.112000,
-17.985000,-3.339000,117.226000,179.990000,0.054000,-159.547000,
-18.052000,-3.484000,117.225000,179.992000,0.042000,-157.989000,
-18.103000,-3.584000,117.223000,179.993000,0.034000,-156.914000,
-18.160000,-3.686000,117.222000,179.994000,0.028000,-155.815000,
-18.222000,-3.789000,117.220000,179.995000,0.022000,-154.691000,
-18.290000,-3.893000,117.218000,179.996000,0.017000,-153.539000,
-18.365000,-3.999000,117.215000,179.997000,0.014000,-152.355000,
-18.446000,-4.107000,117.212000,179.997000,0.011000,-151.136000,
-18.535000,-4.216000,117.208000,179.997000,0.010000,-149.877000,
-18.633000,-4.327000,117.204000,179.997000,0.010000,-148.573000,
-18.740000,-4.439000,117.199000,179.996000,0.012000,-147.217000,
-18.858000,-4.553000,117.194000,179.995000,0.015000,-145.799000,
-18.988000,-4.669000,117.188000,179.994000,0.020000,-144.312000,
-19.084000,-4.754000,117.183000,179.992000,0.024000,-143.254000,
-19.205000,-4.860000,117.177000,179.990000,0.030000,-141.952000,
-19.331000,-4.968000,117.171000,179.987000,0.037000,-140.654000,
-19.454000,-5.071000,117.165000,179.983000,0.045000,-139.438000,
-19.597000,-5.186000,117.157000,179.979000,0.055000,-138.098000,
-19.731000,-5.289000,117.150000,179.974000,0.067000,-136.902000,
-19.878000,-5.397000,117.141000,179.967000,0.082000,-135.669000,
-20.046000,-5.511000,117.131000,179.957000,0.102000,-134.357000,
-20.191000,-5.602000,117.122000,179.947000,0.122000,-133.296000,
-20.367000,-5.705000,117.110000,179.934000,0.149000,-132.102000,
-20.519000,-5.814000,117.100000,179.921000,0.174000,-131.127000,
-20.699000,-5.986000,117.087000,179.904000,0.205000,-130.024000,
-20.858000,-6.190000,117.075000,179.889000,0.233000,-129.097000,
-21.001000,-6.437000,117.063000,179.875000,0.259000,-128.303000,
-21.119000,-6.698000,117.053000,179.862000,0.280000,-127.683000,
-21.234000,-6.983000,117.043000,179.850000,0.301000,-127.107000,
-21.330000,-7.253000,117.034000,179.840000,0.319000,-126.638000,
-21.434000,-7.593000,117.025000,179.829000,0.337000,-126.141000,
-21.511000,-7.900000,117.018000,179.821000,0.349000,-125.768000,
-21.578000,-8.217000,117.011000,179.816000,0.357000,-125.430000,
-21.658000,-8.588000,117.004000,179.810000,0.366000,-125.020000,
-21.732000,-8.918000,116.998000,179.805000,0.372000,-124.641000,
-21.801000,-9.216000,116.992000,179.801000,0.377000,-124.284000,
-21.876000,-9.530000,116.987000,179.797000,0.381000,-123.897000,
-21.882000,-9.521000,117.484000,179.795000,0.384000,-123.896000,
-21.888000,-9.513000,117.981000,179.794000,0.387000,-123.895000,
-21.893000,-9.506000,118.379000,179.792000,0.389000,-123.894000,
-21.898000,-9.499000,118.777000,179.791000,0.392000,-123.893000,
-21.901000,-9.495000,119.014000,179.790000,0.393000,-123.892000,
-21.906000,-9.489000,119.373000,179.789000,0.396000,-123.892000,
-21.912000,-9.481000,119.848000,179.788000,0.398000,-123.891000,
-21.918000,-9.473000,120.297000,179.786000,0.401000,-123.890000,
-21.923000,-9.467000,120.668000,179.785000,0.403000,-123.889000,
-21.928000,-9.460000,121.039000,179.784000,0.406000,-123.888000,
-21.845000,-9.093000,121.045000,179.788000,0.402000,-124.325000,
-21.769000,-8.740000,121.052000,179.792000,0.397000,-124.728000,
-21.697000,-8.391000,121.058000,179.797000,0.391000,-125.108000,
-21.638000,-8.102000,121.063000,179.802000,0.385000,-125.409000,
-21.575000,-7.782000,121.069000,179.807000,0.377000,-125.730000,
-21.509000,-7.482000,121.076000,179.813000,0.367000,-126.051000,
-21.413000,-7.146000,121.085000,179.824000,0.350000,-126.502000,
-21.303000,-6.836000,121.095000,179.836000,0.330000,-127.021000,
-21.191000,-6.564000,121.105000,179.848000,0.308000,-127.572000,
-21.071000,-6.308000,121.115000,179.861000,0.286000,-128.189000,
-20.932000,-6.069000,121.126000,179.875000,0.261000,-128.946000,
-20.773000,-5.866000,121.138000,179.891000,0.232000,-129.864000,
-20.590000,-5.697000,121.152000,179.909000,0.201000,-130.968000,
-20.419000,-5.583000,121.164000,179.924000,0.172000,-132.053000,
-20.230000,-5.492000,121.176000,179.939000,0.141000,-133.307000,
-20.054000,-5.404000,121.187000,179.952000,0.115000,-134.556000,
-19.877000,-5.305000,121.198000,179.963000,0.093000,-135.914000,
-19.712000,-5.201000,121.207000,179.971000,0.074000,-137.273000,
-19.569000,-5.104000,121.215000,179.977000,0.061000,-138.523000,
-19.444000,-5.013000,121.222000,179.982000,0.050000,-139.689000,
-19.298000,-4.901000,121.230000,179.986000,0.040000,-141.114000,
-19.179000,-4.805000,121.236000,179.989000,0.033000,-142.336000,
-19.074000,-4.717000,121.241000,179.991000,0.028000,-143.461000,
-18.958000,-4.618000,121.246000,179.993000,0.023000,-144.749000,
-18.847000,-4.521000,121.251000,179.994000,0.019000,-146.026000,
-18.726000,-4.408000,121.257000,179.995000,0.015000,-147.486000,
-18.617000,-4.297000,121.262000,179.996000,0.014000,-148.881000,
-18.518000,-4.187000,121.266000,179.996000,0.014000,-150.220000,
-18.428000,-4.079000,121.269000,179.996000,0.015000,-151.511000,
-18.346000,-3.973000,121.272000,179.996000,0.018000,-152.759000,
-18.250000,-3.838000,121.276000,179.995000,0.023000,-154.311000,
-18.184000,-3.736000,121.278000,179.994000,0.029000,-155.473000,
-18.124000,-3.635000,121.280000,179.993000,0.035000,-156.607000,
-18.070000,-3.536000,121.281000,179.992000,0.042000,-157.716000,
-17.998000,-3.393000,121.282000,179.990000,0.054000,-159.311000,
-17.935000,-3.250000,121.283000,179.989000,0.068000,-160.916000,
-17.880000,-3.116000,121.283000,179.987000,0.083000,-162.465000,
-17.832000,-2.989000,121.283000,179.986000,0.099000,-163.999000,
-17.789000,-2.868000,121.283000,179.985000,0.116000,-165.512000,
-17.752000,-2.754000,121.282000,179.985000,0.134000,-167.010000,
-17.720000,-2.646000,121.280000,179.985000,0.152000,-168.496000,
-17.692000,-2.545000,121.279000,179.985000,0.171000,-169.972000,
-17.668000,-2.449000,121.277000,179.986000,0.190000,-171.441000,
-17.648000,-2.360000,121.275000,179.987000,0.210000,-172.903000,
-17.631000,-2.277000,121.272000,179.989000,0.230000,-174.360000,
-17.618000,-2.198000,121.269000,179.991000,0.251000,-175.808000,
-17.612000,-2.118000,121.266000,179.993000,0.274000,-177.225000,
-17.612000,-2.038000,121.262000,179.996000,0.298000,-178.614000,
-17.621000,-1.930000,121.257000,-179.999000,0.331000,179.575000,
-17.638000,-1.823000,121.250000,-179.993000,0.367000,177.803000,
-17.664000,-1.717000,121.244000,-179.986000,0.404000,176.064000,
-17.695000,-1.613000,121.236000,-179.978000,0.442000,174.351000,
-17.729000,-1.512000,121.229000,-179.969000,0.479000,172.658000,
-17.763000,-1.413000,121.222000,-179.959000,0.514000,170.982000,
-17.796000,-1.317000,121.215000,-179.949000,0.547000,169.318000,
-17.826000,-1.220000,121.209000,-179.938000,0.577000,167.683000,
-17.857000,-1.115000,121.203000,-179.926000,0.605000,166.103000,
-17.891000,-1.003000,121.197000,-179.914000,0.632000,164.577000,
-17.927000,-0.883000,121.191000,-179.902000,0.658000,163.102000,
-17.966000,-0.756000,121.185000,-179.890000,0.684000,161.676000,
-18.010000,-0.622000,121.179000,-179.877000,0.710000,160.296000,
-18.058000,-0.482000,121.172000,-179.863000,0.736000,158.960000,
-18.112000,-0.336000,121.166000,-179.850000,0.762000,157.664000,
-18.171000,-0.184000,121.159000,-179.835000,0.789000,156.408000,
-18.236000,-0.028000,121.152000,-179.820000,0.817000,155.188000,
-18.306000,0.130000,121.144000,-179.805000,0.846000,153.987000,
-18.381000,0.285000,121.137000,-179.788000,0.875000,152.777000,
-18.458000,0.435000,121.129000,-179.771000,0.903000,151.558000,
-18.540000,0.581000,121.121000,-179.753000,0.932000,150.327000,
-18.624000,0.723000,121.114000,-179.735000,0.959000,149.084000,
-18.712000,0.860000,121.106000,-179.715000,0.987000,147.828000,
-18.803000,0.992000,121.098000,-179.695000,1.014000,146.557000,
-18.898000,1.119000,121.090000,-179.675000,1.040000,145.269000,
-18.995000,1.242000,121.082000,-179.653000,1.066000,143.964000,
-19.096000,1.359000,121.074000,-179.631000,1.091000,142.641000,
-19.201000,1.474000,121.066000,-179.608000,1.116000,141.314000,
-19.311000,1.597000,121.057000,-179.584000,1.143000,140.029000,
-19.426000,1.728000,121.048000,-179.560000,1.171000,138.787000,
-19.515000,1.831000,121.041000,-179.541000,1.193000,137.884000,
-19.636000,1.977000,121.032000,-179.515000,1.222000,136.718000,
-19.760000,2.132000,121.023000,-179.489000,1.252000,135.595000,
-19.886000,2.297000,121.013000,-179.463000,1.282000,134.516000,
-20.012000,2.472000,121.004000,-179.436000,1.312000,133.480000,
-20.139000,2.659000,120.995000,-179.410000,1.341000,132.487000,
-20.266000,2.856000,120.986000,-179.384000,1.369000,131.536000,
-20.384000,3.053000,120.978000,-179.360000,1.394000,130.664000,
-20.507000,3.265000,120.970000,-179.335000,1.418000,129.754000,
-20.629000,3.481000,120.963000,-179.311000,1.440000,128.848000,
-20.750000,3.700000,120.956000,-179.287000,1.460000,127.946000,
-20.872000,3.924000,120.950000,-179.264000,1.478000,127.048000,
-20.996000,4.150000,120.944000,-179.241000,1.495000,126.155000,
-21.122000,4.379000,120.938000,-179.217000,1.512000,125.265000,
-21.251000,4.611000,120.932000,-179.194000,1.528000,124.379000,
-21.384000,4.845000,120.926000,-179.170000,1.544000,123.496000,
-21.523000,5.081000,120.920000,-179.146000,1.560000,122.619000,
-21.664000,5.325000,120.914000,-179.121000,1.579000,121.783000,
-21.804000,5.576000,120.908000,-179.096000,1.598000,121.012000,
-21.925000,5.801000,120.902000,-179.074000,1.616000,120.389000,
-22.025000,5.996000,120.898000,-179.056000,1.632000,119.897000,
-22.164000,6.281000,120.892000,-179.030000,1.654000,119.251000,
-22.281000,6.538000,120.887000,-179.009000,1.674000,118.737000,
-22.383000,6.779000,120.883000,-178.990000,1.691000,118.306000,
-22.481000,7.031000,120.879000,-178.972000,1.708000,117.907000,
-22.565000,7.263000,120.876000,-178.957000,1.722000,117.578000,
-22.664000,7.566000,120.873000,-178.938000,1.739000,117.202000,
-22.739000,7.817000,120.871000,-178.925000,1.752000,116.922000,
-22.828000,8.137000,120.869000,-178.909000,1.765000,116.585000,
-22.896000,8.399000,120.868000,-178.898000,1.775000,116.326000,
-22.977000,8.733000,120.867000,-178.885000,1.785000,116.016000,
-23.040000,9.006000,120.866000,-178.875000,1.793000,115.779000,
-23.114000,9.353000,120.866000,-178.863000,1.801000,115.496000,
-23.172000,9.636000,120.867000,-178.855000,1.807000,115.281000,
-23.241000,9.995000,120.867000,-178.845000,1.814000,115.026000,
-23.295000,10.287000,120.868000,-178.837000,1.820000,114.833000,
-23.360000,10.657000,120.868000,-178.827000,1.827000,114.607000,
-23.411000,10.956000,120.869000,-178.820000,1.832000,114.438000,
-23.475000,11.334000,120.870000,-178.811000,1.840000,114.235000,
-23.528000,11.637000,120.871000,-178.803000,1.846000,114.071000,
-23.595000,12.015000,120.873000,-178.793000,1.853000,113.864000,
-23.657000,12.356000,120.874000,-178.785000,1.859000,113.675000,
-23.720000,12.697000,120.875000,-178.776000,1.866000,113.485000,
-23.785000,13.039000,120.876000,-178.768000,1.872000,113.292000,
-23.852000,13.381000,120.878000,-178.759000,1.878000,113.098000,
-23.920000,13.723000,120.879000,-178.751000,1.884000,112.902000,
-23.989000,14.066000,120.880000,-178.742000,1.890000,112.703000,
-24.060000,14.410000,120.882000,-178.734000,1.895000,112.503000,
-24.132000,14.754000,120.884000,-178.725000,1.901000,112.300000,
-24.205000,15.098000,120.885000,-178.717000,1.906000,112.095000,
-24.280000,15.443000,120.887000,-178.709000,1.910000,111.888000,
-24.357000,15.789000,120.889000,-178.701000,1.915000,111.679000,
-24.434000,16.135000,120.891000,-178.693000,1.919000,111.468000,
-24.504000,16.444000,120.893000,-178.686000,1.922000,111.278000,
-24.593000,16.831000,120.895000,-178.677000,1.926000,111.038000,
-24.666000,17.141000,120.897000,-178.671000,1.929000,110.844000,
-24.758000,17.529000,120.899000,-178.663000,1.931000,110.599000,
-24.833000,17.841000,120.901000,-178.656000,1.933000,110.401000,
-24.928000,18.232000,120.904000,-178.649000,1.935000,110.151000,
-25.004000,18.546000,120.906000,-178.643000,1.936000,109.950000,
-25.099000,18.941000,120.909000,-178.636000,1.937000,109.702000,
-25.175000,19.259000,120.911000,-178.631000,1.938000,109.507000,
-25.270000,19.660000,120.914000,-178.624000,1.938000,109.268000,
-25.347000,19.982000,120.917000,-178.619000,1.939000,109.079000,
-25.442000,20.388000,120.920000,-178.612000,1.940000,108.847000,
-25.519000,20.713000,120.923000,-178.607000,1.941000,108.665000,
-25.616000,21.122000,120.926000,-178.599000,1.943000,108.442000,
-25.695000,21.451000,120.928000,-178.593000,1.945000,108.267000,
-25.795000,21.863000,120.932000,-178.585000,1.949000,108.052000,
-25.876000,22.194000,120.934000,-178.578000,1.953000,107.883000,
-25.980000,22.607000,120.938000,-178.569000,1.957000,107.673000,
-26.063000,22.939000,120.941000,-178.562000,1.961000,107.505000,
-26.167000,23.357000,120.944000,-178.553000,1.966000,107.296000,
-26.266000,23.765000,120.948000,-178.546000,1.968000,107.095000,
-26.349000,24.120000,120.951000,-178.541000,1.969000,106.922000,
-26.440000,24.538000,120.955000,-178.537000,1.967000,106.722000,
-26.514000,24.903000,120.959000,-178.536000,1.962000,106.550000,
-26.587000,25.305000,120.963000,-178.537000,1.954000,106.365000,
-26.667000,25.705000,120.967000,-178.542000,1.940000,106.150000,
-26.663000,25.706000,121.384000,-178.542000,1.941000,106.158000,
-26.659000,25.708000,121.801000,-178.542000,1.941000,106.166000,
-26.656000,25.710000,122.168000,-178.542000,1.941000,106.174000,
-26.652000,25.711000,122.585000,-178.542000,1.941000,106.182000,
-26.649000,25.713000,122.951000,-178.542000,1.941000,106.189000,
-26.645000,25.714000,123.369000,-178.542000,1.941000,106.198000,
-26.640000,25.716000,123.843000,-178.542000,1.941000,106.207000,
-26.636000,25.718000,124.292000,-178.543000,1.942000,106.216000,
-26.633000,25.719000,124.657000,-178.543000,1.942000,106.223000,
-26.629000,25.721000,125.023000,-178.543000,1.942000,106.231000,
-26.566000,25.344000,125.019000,-178.537000,1.956000,106.418000,
-26.510000,24.896000,125.015000,-178.534000,1.966000,106.575000,
-26.451000,24.520000,125.011000,-178.534000,1.970000,106.716000,
-26.372000,24.093000,125.006000,-178.538000,1.972000,106.887000,
-26.297000,23.732000,125.003000,-178.543000,1.971000,107.040000,
-26.203000,23.321000,124.999000,-178.550000,1.967000,107.225000,
-26.101000,22.902000,124.995000,-178.560000,1.962000,107.424000,
-26.016000,22.570000,124.992000,-178.567000,1.957000,107.588000,
-25.909000,22.159000,124.989000,-178.577000,1.951000,107.802000,
-25.824000,21.831000,124.987000,-178.585000,1.947000,107.977000,
-25.720000,21.422000,124.983000,-178.593000,1.944000,108.201000,
-25.639000,21.096000,124.981000,-178.599000,1.942000,108.382000,
-25.539000,20.688000,124.978000,-178.606000,1.940000,108.611000,
-25.462000,20.363000,124.975000,-178.611000,1.939000,108.796000,
-25.366000,19.958000,124.972000,-178.618000,1.939000,109.030000,
-25.290000,19.635000,124.969000,-178.623000,1.939000,109.220000,
-25.196000,19.234000,124.966000,-178.629000,1.939000,109.459000,
-25.122000,18.914000,124.964000,-178.634000,1.938000,109.652000,
-25.028000,18.518000,124.961000,-178.640000,1.938000,109.896000,
-24.953000,18.202000,124.959000,-178.646000,1.937000,110.093000,
-24.860000,17.810000,124.956000,-178.653000,1.936000,110.338000,
-24.787000,17.497000,124.954000,-178.659000,1.934000,110.533000,
-24.696000,17.107000,124.951000,-178.667000,1.931000,110.773000,
-24.624000,16.796000,124.949000,-178.674000,1.928000,110.963000,
-24.535000,16.409000,124.947000,-178.682000,1.924000,111.199000,
-24.465000,16.100000,124.945000,-178.689000,1.921000,111.386000,
-24.379000,15.714000,124.943000,-178.698000,1.916000,111.617000,
-24.311000,15.407000,124.941000,-178.706000,1.912000,111.800000,
-24.228000,15.023000,124.939000,-178.715000,1.906000,112.027000,
-24.162000,14.717000,124.938000,-178.723000,1.901000,112.207000,
-24.081000,14.335000,124.936000,-178.732000,1.895000,112.430000,
-24.018000,14.030000,124.935000,-178.740000,1.890000,112.606000,
-23.940000,13.649000,124.933000,-178.749000,1.883000,112.825000,
-23.879000,13.345000,124.932000,-178.757000,1.878000,112.998000,
-23.804000,12.965000,124.930000,-178.767000,1.871000,113.213000,
-23.746000,12.662000,124.929000,-178.775000,1.865000,113.383000,
-23.674000,12.283000,124.928000,-178.784000,1.858000,113.594000,
-23.618000,11.980000,124.927000,-178.792000,1.852000,113.761000,
-23.550000,11.602000,124.926000,-178.802000,1.844000,113.969000,
-23.497000,11.300000,124.925000,-178.809000,1.838000,114.133000,
-23.433000,10.923000,124.924000,-178.818000,1.831000,114.337000,
-23.381000,10.623000,124.923000,-178.826000,1.826000,114.507000,
-23.315000,10.253000,124.922000,-178.835000,1.819000,114.731000,
-23.262000,9.960000,124.921000,-178.843000,1.813000,114.920000,
-23.193000,9.599000,124.921000,-178.853000,1.806000,115.168000,
-23.136000,9.315000,124.921000,-178.861000,1.800000,115.376000,
-23.063000,8.965000,124.921000,-178.873000,1.792000,115.648000,
-23.002000,8.689000,124.921000,-178.883000,1.784000,115.874000,
-22.922000,8.351000,124.922000,-178.896000,1.773000,116.168000,
-22.855000,8.085000,124.923000,-178.907000,1.763000,116.411000,
-22.767000,7.760000,124.925000,-178.923000,1.749000,116.727000,
-22.693000,7.505000,124.927000,-178.936000,1.736000,116.989000,
-22.595000,7.198000,124.930000,-178.954000,1.718000,117.348000,
-22.511000,6.963000,124.933000,-178.970000,1.703000,117.665000,
-22.401000,6.681000,124.937000,-178.990000,1.685000,118.100000,
-22.268000,6.370000,124.943000,-179.014000,1.662000,118.660000,
-22.169000,6.158000,124.947000,-179.032000,1.646000,119.094000,
-22.049000,5.914000,124.952000,-179.054000,1.627000,119.652000,
-21.908000,5.644000,124.958000,-179.079000,1.606000,120.352000,
-21.763000,5.382000,124.964000,-179.105000,1.586000,121.122000,
-21.619000,5.133000,124.971000,-179.130000,1.567000,121.949000,
-21.477000,4.896000,124.977000,-179.155000,1.550000,122.824000,
-21.340000,4.662000,124.983000,-179.179000,1.534000,123.711000,
-21.208000,4.430000,124.988000,-179.203000,1.518000,124.596000,
-21.078000,4.199000,124.994000,-179.226000,1.502000,125.482000,
-20.952000,3.971000,125.001000,-179.250000,1.485000,126.368000,
-20.827000,3.745000,125.007000,-179.273000,1.466000,127.255000,
-20.703000,3.521000,125.014000,-179.297000,1.446000,128.142000,
-20.580000,3.301000,125.021000,-179.321000,1.424000,129.030000,
-20.455000,3.084000,125.029000,-179.346000,1.400000,129.920000,
-20.329000,2.870000,125.037000,-179.371000,1.374000,130.811000,
-20.208000,2.676000,125.045000,-179.396000,1.347000,131.684000,
-20.080000,2.483000,125.054000,-179.422000,1.318000,132.648000,
-19.952000,2.301000,125.064000,-179.448000,1.289000,133.658000,
-19.824000,2.131000,125.073000,-179.475000,1.259000,134.714000,
-19.699000,1.972000,125.082000,-179.501000,1.230000,135.817000,
-19.576000,1.822000,125.092000,-179.527000,1.200000,136.966000,
-19.457000,1.682000,125.101000,-179.552000,1.172000,138.161000,
-19.399000,1.616000,125.105000,-179.564000,1.158000,138.777000,
-19.285000,1.490000,125.114000,-179.589000,1.131000,140.042000,
-19.176000,1.373000,125.122000,-179.612000,1.106000,141.353000,
-19.072000,1.259000,125.130000,-179.635000,1.081000,142.688000,
-18.971000,1.141000,125.138000,-179.657000,1.055000,144.005000,
-18.872000,1.018000,125.146000,-179.679000,1.029000,145.304000,
-18.777000,0.889000,125.154000,-179.699000,1.002000,146.586000,
-18.684000,0.756000,125.163000,-179.719000,0.974000,147.852000,
-18.595000,0.619000,125.170000,-179.739000,0.946000,149.104000,
-18.510000,0.477000,125.178000,-179.757000,0.918000,150.343000,
-18.427000,0.330000,125.186000,-179.775000,0.889000,151.571000,
-18.349000,0.180000,125.194000,-179.792000,0.861000,152.788000,
-18.275000,0.026000,125.201000,-179.808000,0.832000,153.997000,
-18.205000,-0.131000,125.209000,-179.823000,0.803000,155.207000,
-18.142000,-0.284000,125.216000,-179.838000,0.776000,156.448000,
-18.086000,-0.432000,125.222000,-179.852000,0.750000,157.723000,
-18.034000,-0.574000,125.229000,-179.866000,0.724000,159.035000,
-17.987000,-0.712000,125.235000,-179.879000,0.699000,160.385000,
-17.945000,-0.843000,125.241000,-179.892000,0.674000,161.777000,
-17.906000,-0.968000,125.247000,-179.904000,0.648000,163.212000,
-17.869000,-1.087000,125.253000,-179.917000,0.621000,164.692000,
-17.834000,-1.199000,125.259000,-179.928000,0.593000,166.221000,
-17.800000,-1.304000,125.266000,-179.940000,0.564000,167.801000,
-17.765000,-1.404000,125.272000,-179.951000,0.532000,169.423000,
-17.727000,-1.504000,125.280000,-179.961000,0.497000,171.067000,
-17.690000,-1.605000,125.287000,-179.971000,0.460000,172.733000,
-17.655000,-1.707000,125.295000,-179.979000,0.422000,174.427000,
-17.625000,-1.809000,125.302000,-179.987000,0.385000,176.153000,
-17.604000,-1.911000,125.308000,-179.994000,0.349000,177.913000,
-17.591000,-2.014000,125.314000,-179.999000,0.315000,179.710000,
-17.588000,-2.116000,125.319000,179.996000,0.284000,-178.451000,
-17.593000,-2.192000,125.322000,179.993000,0.261000,-177.039000,
-17.604000,-2.267000,125.325000,179.991000,0.241000,-175.597000,
-17.619000,-2.345000,125.328000,179.989000,0.221000,-174.138000,
-17.638000,-2.428000,125.330000,179.987000,0.201000,-172.675000,
-17.660000,-2.517000,125.332000,179.986000,0.182000,-171.208000,
-17.686000,-2.612000,125.334000,179.985000,0.163000,-169.733000,
-17.716000,-2.713000,125.335000,179.985000,0.145000,-168.250000,
-17.750000,-2.820000,125.336000,179.985000,0.127000,-166.757000,
-17.789000,-2.934000,125.337000,179.986000,0.110000,-165.250000,
-17.833000,-3.054000,125.338000,179.987000,0.093000,-163.727000,
-17.883000,-3.181000,125.338000,179.988000,0.078000,-162.184000,
-17.940000,-3.312000,125.337000,179.989000,0.063000,-160.636000,
-18.006000,-3.452000,125.337000,179.991000,0.050000,-159.018000,
-18.081000,-3.589000,125.335000,179.992000,0.038000,-157.421000,
-18.137000,-3.685000,125.333000,179.993000,0.032000,-156.307000,
-18.199000,-3.782000,125.332000,179.994000,0.026000,-155.167000,
-18.267000,-3.880000,125.329000,179.995000,0.022000,-153.999000,
-18.365000,-4.010000,125.326000,179.996000,0.017000,-152.435000,
-18.450000,-4.112000,125.323000,179.996000,0.015000,-151.181000,
-18.542000,-4.216000,125.319000,179.996000,0.014000,-149.885000,
-18.643000,-4.321000,125.315000,179.996000,0.014000,-148.540000,
-18.755000,-4.427000,125.310000,179.995000,0.016000,-147.139000,
-18.878000,-4.535000,125.304000,179.994000,0.020000,-145.674000,
-19.010000,-4.645000,125.298000,179.992000,0.025000,-144.177000,
-19.107000,-4.723000,125.294000,179.990000,0.030000,-143.115000,
-19.218000,-4.808000,125.288000,179.987000,0.036000,-141.964000,
-19.354000,-4.908000,125.281000,179.984000,0.046000,-140.605000,
-19.499000,-5.005000,125.273000,179.979000,0.058000,-139.248000,
-19.654000,-5.101000,125.265000,179.972000,0.073000,-137.874000,
-19.807000,-5.186000,125.256000,179.964000,0.090000,-136.608000,
-19.967000,-5.265000,125.247000,179.955000,0.110000,-135.363000,
-20.149000,-5.343000,125.235000,179.942000,0.136000,-134.032000,
-20.364000,-5.424000,125.222000,179.925000,0.170000,-132.579000,
-20.532000,-5.511000,125.210000,179.911000,0.198000,-131.491000,
-20.715000,-5.648000,125.197000,179.894000,0.229000,-130.351000,
-20.882000,-5.823000,125.185000,179.878000,0.258000,-129.365000,
-21.030000,-6.037000,125.173000,179.863000,0.285000,-128.524000,
-21.152000,-6.267000,125.163000,179.850000,0.307000,-127.874000,
-21.267000,-6.517000,125.153000,179.837000,0.328000,-127.293000,
-21.382000,-6.815000,125.143000,179.825000,0.350000,-126.739000,
-21.480000,-7.132000,125.134000,179.814000,0.367000,-126.276000,
-21.543000,-7.396000,125.128000,179.807000,0.378000,-125.972000,
-21.598000,-7.692000,125.122000,179.802000,0.385000,-125.695000,
-21.665000,-8.058000,125.116000,179.797000,0.393000,-125.347000,
-21.733000,-8.421000,125.109000,179.792000,0.399000,-124.984000,
-21.787000,-8.696000,125.105000,179.789000,0.403000,-124.695000,
-21.858000,-9.046000,125.099000,179.785000,0.407000,-124.311000,
-21.936000,-9.408000,125.093000,179.782000,0.410000,-123.894000,
-21.933000,-9.407000,125.510000,179.782000,0.408000,-123.892000,
-21.930000,-9.405000,125.928000,179.783000,0.407000,-123.891000,
-21.927000,-9.404000,126.295000,179.784000,0.405000,-123.890000,
-21.924000,-9.403000,126.712000,179.785000,0.404000,-123.888000,
