-21.496000,-9.920000,104.826000,179.902000,0.184000,-123.901000,
-21.406000,-9.571000,104.833000,179.906000,0.177000,-124.352000,
-21.327000,-9.235000,104.840000,179.910000,0.172000,-124.769000,
-21.269000,-8.967000,104.845000,179.913000,0.168000,-125.087000,
-21.197000,-8.609000,104.852000,179.915000,0.164000,-125.501000,
-21.125000,-8.284000,104.858000,179.919000,0.159000,-125.914000,
-21.063000,-8.029000,104.863000,179.922000,0.154000,-126.277000,
-20.979000,-7.711000,104.871000,179.927000,0.146000,-126.778000,
-20.888000,-7.402000,104.879000,179.933000,0.136000,-127.324000,
-20.796000,-7.121000,104.886000,179.939000,0.125000,-127.880000,
-20.693000,-6.864000,104.895000,179.946000,0.112000,-128.514000,
-20.565000,-6.611000,104.905000,179.956000,0.094000,-129.312000,
-20.433000,-6.398000,104.914000,179.965000,0.076000,-130.171000,
-20.305000,-6.222000,104.923000,179.973000,0.059000,-131.051000,
-20.156000,-6.043000,104.933000,179.981000,0.042000,-132.148000,
-20.038000,-5.901000,104.940000,179.986000,0.032000,-133.098000,
-19.899000,-5.734000,104.948000,179.990000,0.023000,-134.309000,
-19.764000,-5.576000,104.955000,179.993000,0.017000,-135.558000,
-19.634000,-5.431000,104.961000,179.995000,0.013000,-136.824000,
-19.514000,-5.306000,104.967000,179.997000,0.008000,-138.020000,
-19.402000,-5.193000,104.973000,179.998000,0.005000,-139.156000,
-19.268000,-5.059000,104.979000,-180.000000,-0.000000,-140.558000,
-19.155000,-4.950000,104.985000,-179.999000,-0.004000,-141.768000,
-19.052000,-4.852000,104.990000,-179.997000,-0.008000,-142.893000,
-18.935000,-4.744000,104.995000,-179.996000,-0.013000,-144.181000,
-18.824000,-4.636000,105.001000,-179.995000,-0.017000,-145.451000,
-18.703000,-4.509000,105.006000,-179.994000,-0.021000,-146.890000,
-18.592000,-4.383000,105.011000,-179.993000,-0.023000,-148.260000,
-18.492000,-4.260000,105.016000,-179.993000,-0.024000,-149.572000,
-18.401000,-4.137000,105.020000,-179.994000,-0.023000,-150.833000,
-18.318000,-4.016000,105.023000,-179.995000,-0.022000,-152.050000,
-18.223000,-3.864000,105.027000,-179.996000,-0.017000,-153.555000,
-18.157000,-3.747000,105.029000,-179.997000,-0.012000,-154.683000,
-18.097000,-3.632000,105.031000,-179.999000,-0.006000,-155.782000,
-18.044000,-3.519000,105.032000,180.000000,0.001000,-156.854000,
-17.996000,-3.408000,105.033000,179.998000,0.010000,-157.905000,
-17.952000,-3.300000,105.034000,179.996000,0.019000,-158.942000,
-17.893000,-3.145000,105.035000,179.994000,0.034000,-160.472000,
-17.842000,-2.998000,105.035000,179.992000,0.050000,-161.989000,
-17.798000,-2.858000,105.034000,179.990000,0.068000,-163.483000,
-17.759000,-2.726000,105.033000,179.989000,0.087000,-164.962000,
-17.726000,-2.601000,105.032000,179.987000,0.106000,-166.428000,
-17.699000,-2.483000,105.030000,179.987000,0.127000,-167.883000,
-17.676000,-2.372000,105.028000,179.986000,0.148000,-169.329000,
-17.657000,-2.266000,105.026000,179.986000,0.170000,-170.767000,
-17.643000,-2.167000,105.023000,179.987000,0.193000,-172.197000,
-17.635000,-2.070000,105.020000,179.988000,0.217000,-173.604000,
-17.631000,-1.974000,105.016000,179.989000,0.242000,-174.986000,
-17.632000,-1.879000,105.012000,179.991000,0.268000,-176.347000,
-17.636000,-1.787000,105.008000,179.994000,0.293000,-177.689000,
-17.643000,-1.696000,105.004000,179.997000,0.319000,-179.015000,
-17.654000,-1.579000,104.998000,-179.998000,0.353000,179.235000,
-17.666000,-1.469000,104.993000,-179.992000,0.384000,177.491000,
-17.679000,-1.366000,104.987000,-179.985000,0.414000,175.749000,
-17.691000,-1.271000,104.982000,-179.977000,0.442000,174.006000,
-17.704000,-1.183000,104.977000,-179.968000,0.469000,172.258000,
-17.721000,-1.092000,104.972000,-179.959000,0.496000,170.546000,
-17.744000,-0.993000,104.966000,-179.949000,0.523000,168.902000,
-17.774000,-0.886000,104.960000,-179.939000,0.552000,167.322000,
-17.809000,-0.770000,104.954000,-179.928000,0.582000,165.802000,
-17.851000,-0.646000,104.947000,-179.916000,0.612000,164.339000,
-17.898000,-0.515000,104.940000,-179.903000,0.644000,162.930000,
-17.951000,-0.376000,104.932000,-179.890000,0.676000,161.572000,
-18.009000,-0.231000,104.925000,-179.877000,0.708000,160.261000,
-18.071000,-0.079000,104.917000,-179.863000,0.741000,158.995000,
-18.137000,0.079000,104.908000,-179.848000,0.775000,157.770000,
-18.207000,0.239000,104.900000,-179.833000,0.807000,156.562000,
-18.277000,0.395000,104.892000,-179.817000,0.839000,155.349000,
-18.350000,0.548000,104.885000,-179.800000,0.869000,154.132000,
-18.426000,0.698000,104.877000,-179.784000,0.898000,152.908000,
-18.504000,0.844000,104.869000,-179.766000,0.927000,151.676000,
-18.584000,0.987000,104.861000,-179.748000,0.955000,150.435000,
-18.668000,1.126000,104.854000,-179.729000,0.983000,149.184000,
-18.756000,1.261000,104.846000,-179.710000,1.010000,147.922000,
-18.847000,1.391000,104.838000,-179.689000,1.037000,146.647000,
-18.943000,1.517000,104.830000,-179.668000,1.064000,145.357000,
-19.043000,1.640000,104.821000,-179.646000,1.092000,144.066000,
-19.149000,1.767000,104.812000,-179.623000,1.121000,142.804000,
-19.258000,1.900000,104.803000,-179.599000,1.151000,141.570000,
-19.315000,1.968000,104.799000,-179.587000,1.166000,140.964000,
-19.401000,2.072000,104.792000,-179.568000,1.190000,140.069000,
-19.518000,2.217000,104.782000,-179.542000,1.221000,138.900000,
-19.638000,2.368000,104.772000,-179.516000,1.252000,137.760000,
-19.759000,2.525000,104.763000,-179.490000,1.282000,136.648000,
-19.880000,2.688000,104.754000,-179.464000,1.312000,135.564000,
-20.001000,2.860000,104.745000,-179.438000,1.340000,134.508000,
-20.122000,3.039000,104.736000,-179.412000,1.367000,133.478000,
-20.240000,3.225000,104.728000,-179.387000,1.391000,132.471000,
-20.358000,3.418000,104.721000,-179.363000,1.413000,131.482000,
-20.475000,3.617000,104.714000,-179.339000,1.434000,130.511000,
-20.592000,3.823000,104.707000,-179.316000,1.453000,129.559000,
-20.710000,4.035000,104.701000,-179.293000,1.471000,128.624000,
-20.823000,4.242000,104.695000,-179.271000,1.487000,127.752000,
-20.943000,4.465000,104.689000,-179.248000,1.504000,126.851000,
-21.066000,4.694000,104.683000,-179.224000,1.521000,125.967000,
-21.192000,4.928000,104.677000,-179.201000,1.538000,125.099000,
-21.321000,5.168000,104.670000,-179.177000,1.556000,124.249000,
-21.453000,5.415000,104.664000,-179.153000,1.575000,123.427000,
-21.587000,5.671000,104.658000,-179.128000,1.594000,122.636000,
-21.722000,5.937000,104.652000,-179.103000,1.615000,121.878000,
-21.857000,6.213000,104.646000,-179.078000,1.635000,121.155000,
-21.990000,6.500000,104.640000,-179.053000,1.655000,120.468000,
-22.118000,6.791000,104.635000,-179.030000,1.674000,119.831000,
-22.226000,7.051000,104.631000,-179.011000,1.690000,119.312000,
-22.313000,7.274000,104.628000,-178.995000,1.702000,118.900000,
-22.431000,7.598000,104.624000,-178.975000,1.718000,118.352000,
-22.528000,7.887000,104.622000,-178.958000,1.731000,117.910000,
-22.602000,8.124000,104.620000,-178.946000,1.740000,117.572000,
-22.692000,8.429000,104.618000,-178.931000,1.750000,117.171000,
-22.762000,8.680000,104.617000,-178.920000,1.757000,116.866000,
-22.845000,9.001000,104.617000,-178.908000,1.765000,116.506000,
-22.909000,9.265000,104.616000,-178.898000,1.772000,116.235000,
-22.985000,9.602000,104.616000,-178.887000,1.779000,115.918000,
-23.044000,9.878000,104.616000,-178.878000,1.784000,115.682000,
-23.114000,10.232000,104.616000,-178.868000,1.791000,115.409000,
-23.168000,10.520000,104.617000,-178.860000,1.797000,115.209000,
-23.231000,10.889000,104.617000,-178.850000,1.804000,114.981000,
-23.280000,11.188000,104.618000,-178.843000,1.809000,114.813000,
-23.341000,11.564000,104.619000,-178.834000,1.816000,114.603000,
-23.391000,11.865000,104.620000,-178.827000,1.821000,114.433000,
-23.455000,12.243000,104.621000,-178.819000,1.827000,114.218000,
-23.507000,12.545000,104.623000,-178.812000,1.831000,114.045000,
-23.573000,12.924000,104.624000,-178.804000,1.836000,113.827000,
-23.626000,13.227000,104.625000,-178.797000,1.840000,113.651000,
-23.695000,13.607000,104.627000,-178.789000,1.844000,113.428000,
-23.751000,13.912000,104.628000,-178.783000,1.847000,113.248000,
-23.823000,14.293000,104.630000,-178.775000,1.851000,113.022000,
-23.882000,14.598000,104.632000,-178.769000,1.854000,112.839000,
-23.957000,14.981000,104.634000,-178.761000,1.858000,112.607000,
-24.019000,15.287000,104.635000,-178.755000,1.861000,112.421000,
-24.098000,15.670000,104.637000,-178.747000,1.864000,112.186000,
-24.163000,15.977000,104.639000,-178.741000,1.867000,111.995000,
-24.246000,16.361000,104.641000,-178.733000,1.870000,111.755000,
-24.315000,16.668000,104.642000,-178.726000,1.873000,111.562000,
-24.403000,17.053000,104.645000,-178.718000,1.877000,111.317000,
-24.476000,17.360000,104.646000,-178.711000,1.880000,111.120000,
-24.570000,17.745000,104.648000,-178.702000,1.883000,110.870000,
-24.647000,18.053000,104.650000,-178.695000,1.887000,110.669000,
-24.746000,18.438000,104.652000,-178.686000,1.891000,110.415000,
-24.827000,18.746000,104.654000,-178.678000,1.895000,110.213000,
-24.929000,19.134000,104.656000,-178.669000,1.900000,109.963000,
-25.011000,19.446000,104.657000,-178.661000,1.904000,109.767000,
-25.114000,19.839000,104.660000,-178.651000,1.909000,109.526000,
-25.196000,20.155000,104.662000,-178.643000,1.914000,109.336000,
-25.298000,20.553000,104.664000,-178.634000,1.918000,109.102000,
-25.378000,20.875000,104.667000,-178.627000,1.922000,108.919000,
-25.478000,21.279000,104.670000,-178.619000,1.925000,108.693000,
-25.556000,21.606000,104.672000,-178.613000,1.928000,108.516000,
-25.651000,22.019000,104.675000,-178.606000,1.929000,108.299000,
-25.727000,22.351000,104.678000,-178.601000,1.930000,108.126000,
-25.823000,22.767000,104.682000,-178.596000,1.929000,107.903000,
-25.901000,23.101000,104.684000,-178.592000,1.928000,107.720000,
-26.003000,23.518000,104.688000,-178.588000,1.925000,107.485000,
-26.087000,23.851000,104.691000,-178.585000,1.923000,107.292000,
-26.197000,24.266000,104.694000,-178.580000,1.920000,107.045000,
-26.310000,24.666000,104.697000,-178.575000,1.918000,106.799000,
-26.411000,25.010000,104.700000,-178.571000,1.917000,106.581000,
-26.536000,25.406000,104.703000,-178.564000,1.916000,106.322000,
-26.745000,25.675000,104.703000,-178.557000,1.911000,105.881000,
-26.744000,25.675000,105.202000,-178.556000,1.913000,105.887000,
-26.743000,25.675000,105.702000,-178.555000,1.914000,105.893000,
-26.743000,25.675000,106.101000,-178.554000,1.915000,105.898000,
-26.742000,25.675000,106.501000,-178.554000,1.916000,105.903000,
-26.742000,25.675000,106.740000,-178.553000,1.917000,105.906000,
-26.742000,25.675000,107.100000,-178.553000,1.918000,105.910000,
-26.741000,25.674000,107.578000,-178.552000,1.919000,105.916000,
-26.741000,25.674000,108.029000,-178.551000,1.920000,105.921000,
-26.740000,25.674000,108.403000,-178.550000,1.921000,105.926000,
-26.740000,25.674000,108.777000,-178.550000,1.922000,105.930000,
-26.577000,25.370000,108.776000,-178.554000,1.929000,106.286000,
-26.456000,24.972000,108.772000,-178.558000,1.932000,106.549000,
-26.355000,24.627000,108.770000,-178.562000,1.935000,106.769000,
-26.243000,24.227000,108.766000,-178.566000,1.938000,107.016000,
-26.132000,23.812000,108.763000,-178.572000,1.940000,107.263000,
-26.046000,23.480000,108.760000,-178.576000,1.941000,107.454000,
-25.943000,23.065000,108.757000,-178.581000,1.941000,107.685000,
-25.863000,22.732000,108.754000,-178.586000,1.941000,107.863000,
-25.766000,22.316000,108.750000,-178.592000,1.940000,108.078000,
-25.691000,21.983000,108.748000,-178.598000,1.938000,108.244000,
-25.597000,21.568000,108.744000,-178.605000,1.936000,108.453000,
-25.521000,21.240000,108.742000,-178.611000,1.934000,108.625000,
-25.424000,20.833000,108.739000,-178.619000,1.930000,108.844000,
-25.346000,20.510000,108.736000,-178.626000,1.927000,109.024000,
-25.247000,20.109000,108.733000,-178.634000,1.924000,109.254000,
-25.167000,19.791000,108.731000,-178.641000,1.921000,109.442000,
-25.067000,19.396000,108.729000,-178.650000,1.917000,109.683000,
-24.987000,19.083000,108.727000,-178.657000,1.914000,109.879000,
-24.886000,18.694000,108.724000,-178.666000,1.910000,110.129000,
-24.806000,18.384000,108.723000,-178.673000,1.907000,110.333000,
-24.707000,17.999000,108.720000,-178.681000,1.904000,110.589000,
-24.630000,17.691000,108.719000,-178.688000,1.901000,110.792000,
-24.537000,17.306000,108.716000,-178.697000,1.898000,111.043000,
-24.464000,16.999000,108.715000,-178.703000,1.895000,111.241000,
-24.375000,16.615000,108.712000,-178.712000,1.892000,111.486000,
-24.305000,16.308000,108.711000,-178.718000,1.889000,111.681000,
-24.221000,15.924000,108.709000,-178.726000,1.885000,111.921000,
-24.155000,15.618000,108.707000,-178.733000,1.882000,112.111000,
-24.074000,15.236000,108.705000,-178.741000,1.878000,112.345000,
-24.011000,14.930000,108.704000,-178.748000,1.875000,112.531000,
-23.935000,14.548000,108.702000,-178.756000,1.871000,112.761000,
-23.875000,14.243000,108.700000,-178.763000,1.867000,112.943000,
-23.802000,13.863000,108.698000,-178.771000,1.862000,113.169000,
-23.744000,13.559000,108.697000,-178.778000,1.859000,113.347000,
-23.674000,13.179000,108.696000,-178.786000,1.853000,113.567000,
-23.620000,12.876000,108.694000,-178.793000,1.849000,113.741000,
-23.552000,12.497000,108.693000,-178.802000,1.843000,113.957000,
-23.500000,12.195000,108.692000,-178.809000,1.839000,114.128000,
-23.435000,11.818000,108.690000,-178.818000,1.832000,114.339000,
-23.385000,11.516000,108.689000,-178.825000,1.827000,114.506000,
-23.323000,11.140000,108.688000,-178.834000,1.820000,114.713000,
-23.274000,10.840000,108.688000,-178.841000,1.814000,114.879000,
-23.210000,10.471000,108.687000,-178.851000,1.807000,115.105000,
-23.156000,10.182000,108.686000,-178.859000,1.802000,115.303000,
-23.086000,9.828000,108.686000,-178.869000,1.795000,115.571000,
-23.028000,9.550000,108.686000,-178.878000,1.789000,115.802000,
-22.952000,9.210000,108.686000,-178.889000,1.782000,116.110000,
-22.889000,8.945000,108.686000,-178.899000,1.775000,116.373000,
-22.806000,8.621000,108.687000,-178.912000,1.766000,116.721000,
-22.737000,8.368000,108.688000,-178.923000,1.759000,117.016000,
-22.656000,8.090000,108.690000,-178.936000,1.749000,117.363000,
-22.572000,7.820000,108.692000,-178.950000,1.738000,117.728000,
-22.475000,7.528000,108.695000,-178.967000,1.724000,118.152000,
-22.355000,7.201000,108.699000,-178.988000,1.706000,118.682000,
-22.267000,6.976000,108.702000,-179.004000,1.693000,119.085000,
-22.157000,6.715000,108.706000,-179.024000,1.676000,119.593000,
-22.026000,6.423000,108.711000,-179.048000,1.656000,120.221000,
-21.890000,6.136000,108.717000,-179.074000,1.634000,120.903000,
-21.752000,5.860000,108.724000,-179.099000,1.613000,121.625000,
-21.615000,5.596000,108.730000,-179.124000,1.592000,122.385000,
-21.478000,5.341000,108.736000,-179.150000,1.572000,123.182000,
-21.344000,5.097000,108.742000,-179.174000,1.553000,124.013000,
-21.213000,4.859000,108.748000,-179.198000,1.536000,124.871000,
-21.087000,4.625000,108.754000,-179.221000,1.519000,125.743000,
-20.964000,4.397000,108.760000,-179.244000,1.503000,126.629000,
-20.843000,4.173000,108.766000,-179.267000,1.486000,127.529000,
-20.730000,3.965000,108.772000,-179.289000,1.470000,128.397000,
-20.612000,3.751000,108.778000,-179.312000,1.452000,129.324000,
-20.495000,3.543000,108.785000,-179.336000,1.433000,130.267000,
-20.377000,3.341000,108.792000,-179.360000,1.413000,131.224000,
-20.259000,3.144000,108.800000,-179.384000,1.390000,132.196000,
-20.139000,2.954000,108.808000,-179.409000,1.365000,133.183000,
-20.017000,2.772000,108.817000,-179.435000,1.337000,134.197000,
-19.894000,2.599000,108.826000,-179.461000,1.309000,135.242000,
-19.772000,2.434000,108.835000,-179.487000,1.279000,136.319000,
-19.650000,2.276000,108.845000,-179.514000,1.248000,137.427000,
-19.530000,2.126000,108.854000,-179.540000,1.218000,138.567000,
-19.412000,1.983000,108.864000,-179.565000,1.187000,139.739000,
-19.297000,1.846000,108.873000,-179.590000,1.156000,140.944000,
-19.186000,1.714000,108.882000,-179.614000,1.127000,142.182000,
-19.080000,1.589000,108.891000,-179.637000,1.099000,143.452000,
-18.979000,1.468000,108.899000,-179.659000,1.072000,144.753000,
-18.883000,1.345000,108.907000,-179.681000,1.046000,146.050000,
-18.791000,1.217000,108.915000,-179.701000,1.019000,147.331000,
-18.703000,1.084000,108.923000,-179.721000,0.992000,148.598000,
-18.618000,0.946000,108.930000,-179.740000,0.965000,149.852000,
-18.536000,0.804000,108.938000,-179.758000,0.938000,151.094000,
-18.457000,0.659000,108.946000,-179.776000,0.909000,152.325000,
-18.382000,0.509000,108.953000,-179.793000,0.881000,153.546000,
-18.308000,0.356000,108.961000,-179.809000,0.851000,154.760000,
-18.238000,0.199000,108.969000,-179.825000,0.821000,155.966000,
-18.169000,0.039000,108.977000,-179.841000,0.790000,157.167000,
-18.104000,-0.119000,108.984000,-179.855000,0.758000,158.386000,
-18.044000,-0.270000,108.992000,-179.869000,0.727000,159.648000,
-17.988000,-0.416000,108.999000,-179.883000,0.697000,160.955000,
-17.938000,-0.554000,109.006000,-179.896000,0.667000,162.309000,
-17.893000,-0.685000,109.013000,-179.909000,0.638000,163.713000,
-17.854000,-0.808000,109.020000,-179.921000,0.609000,165.171000,
-17.819000,-0.923000,109.026000,-179.932000,0.581000,166.685000,
-17.790000,-1.030000,109.032000,-179.943000,0.553000,168.259000,
-17.766000,-1.128000,109.037000,-179.954000,0.526000,169.896000,
-17.747000,-1.217000,109.043000,-179.963000,0.499000,171.600000,
-17.729000,-1.306000,109.048000,-179.973000,0.470000,173.332000,
-17.710000,-1.401000,109.054000,-179.981000,0.440000,175.061000,
-17.691000,-1.503000,109.060000,-179.989000,0.407000,176.789000,
-17.672000,-1.612000,109.066000,-179.995000,0.373000,178.520000,
-17.656000,-1.728000,109.072000,179.999000,0.338000,-179.741000,
-17.643000,-1.847000,109.078000,179.995000,0.302000,-177.976000,
-17.638000,-1.937000,109.083000,179.992000,0.276000,-176.631000,
-17.638000,-2.029000,109.086000,179.990000,0.251000,-175.263000,
-17.642000,-2.121000,109.090000,179.988000,0.226000,-173.871000,
-17.653000,-2.214000,109.093000,179.987000,0.203000,-172.450000,
-17.668000,-2.309000,109.096000,179.986000,0.181000,-171.012000,
-17.688000,-2.411000,109.098000,179.985000,0.160000,-169.567000,
-17.712000,-2.519000,109.100000,179.985000,0.139000,-168.114000,
-17.741000,-2.634000,109.101000,179.986000,0.120000,-166.653000,
-17.775000,-2.756000,109.103000,179.987000,0.101000,-165.180000,
-17.814000,-2.884000,109.103000,179.988000,0.083000,-163.694000,
-17.860000,-3.020000,109.104000,179.990000,0.066000,-162.192000,
-17.911000,-3.162000,109.104000,179.992000,0.050000,-160.677000,
-17.971000,-3.313000,109.103000,179.994000,0.035000,-159.128000,
-18.037000,-3.468000,109.102000,179.996000,0.022000,-157.586000,
-18.088000,-3.576000,109.101000,179.997000,0.014000,-156.527000,
-18.144000,-3.684000,109.099000,179.998000,0.007000,-155.445000,
-18.206000,-3.795000,109.097000,180.000000,0.002000,-154.337000,
-18.274000,-3.907000,109.095000,-179.999000,-0.003000,-153.200000,
-18.349000,-4.020000,109.092000,-179.999000,-0.006000,-152.031000,
-18.431000,-4.135000,109.089000,-179.998000,-0.008000,-150.826000,
-18.520000,-4.251000,109.085000,-179.998000,-0.008000,-149.580000,
-18.619000,-4.369000,109.081000,-179.998000,-0.008000,-148.288000,
-18.726000,-4.488000,109.076000,-179.998000,-0.006000,-146.943000,
-18.844000,-4.609000,109.070000,-179.999000,-0.003000,-145.536000,
-18.974000,-4.731000,109.064000,179.999000,0.002000,-144.053000,
-19.070000,-4.820000,109.060000,179.998000,0.006000,-142.989000,
-19.190000,-4.932000,109.054000,179.996000,0.011000,-141.688000,
-19.313000,-5.049000,109.048000,179.994000,0.016000,-140.393000,
-19.431000,-5.162000,109.042000,179.992000,0.021000,-139.184000,
-19.564000,-5.291000,109.035000,179.989000,0.028000,-137.860000,
-19.689000,-5.411000,109.029000,179.986000,0.034000,-136.673000,
-19.819000,-5.541000,109.021000,179.983000,0.043000,-135.477000,
-19.965000,-5.687000,109.013000,179.977000,0.054000,-134.218000,
-20.089000,-5.808000,109.006000,179.971000,0.066000,-133.222000,
-20.240000,-5.950000,108.996000,179.963000,0.084000,-132.095000,
-20.396000,-6.104000,108.986000,179.952000,0.106000,-131.024000,
-20.534000,-6.268000,108.976000,179.941000,0.127000,-130.130000,
-20.675000,-6.476000,108.966000,179.929000,0.149000,-129.253000,
-20.810000,-6.725000,108.955000,179.918000,0.171000,-128.457000,
-20.918000,-6.986000,108.946000,179.908000,0.188000,-127.832000,
-21.001000,-7.219000,108.939000,179.901000,0.200000,-127.367000,
-21.104000,-7.533000,108.930000,179.892000,0.215000,-126.805000,
-21.199000,-7.860000,108.921000,179.885000,0.228000,-126.291000,
-21.277000,-8.157000,108.914000,179.879000,0.238000,-125.877000,
-21.349000,-8.469000,108.908000,179.874000,0.245000,-125.494000,
-21.427000,-8.830000,108.901000,179.869000,0.252000,-125.075000,
-21.502000,-9.149000,108.894000,179.864000,0.259000,-124.688000,
-21.574000,-9.443000,108.888000,179.860000,0.264000,-124.320000,
-21.658000,-9.768000,108.882000,179.856000,0.270000,-123.897000,
-21.674000,-9.754000,109.374000,179.852000,0.278000,-123.896000,
-21.689000,-9.739000,109.866000,179.847000,0.286000,-123.894000,
-21.702000,-9.727000,110.259000,179.844000,0.293000,-123.892000,
-21.714000,-9.715000,110.653000,179.841000,0.299000,-123.891000,
-21.722000,-9.708000,110.888000,179.838000,0.303000,-123.890000,
-21.733000,-9.698000,111.243000,179.835000,0.309000,-123.889000,
-21.749000,-9.683000,111.722000,179.831000,0.317000,-123.887000,
-21.763000,-9.669000,112.170000,179.827000,0.324000,-123.886000,
-21.776000,-9.658000,112.552000,179.824000,0.330000,-123.884000,
-21.788000,-9.646000,112.935000,179.821000,0.336000,-123.883000,
-21.700000,-9.294000,112.942000,179.826000,0.330000,-124.332000,
-21.618000,-8.955000,112.948000,179.830000,0.324000,-124.748000,
-21.542000,-8.622000,112.955000,179.836000,0.317000,-125.142000,
-21.478000,-8.334000,112.960000,179.840000,0.310000,-125.470000,
-21.404000,-8.005000,112.967000,179.846000,0.301000,-125.849000,
-21.335000,-7.746000,112.974000,179.852000,0.291000,-126.192000,
-21.238000,-7.426000,112.982000,179.862000,0.275000,-126.676000,
-21.133000,-7.122000,112.992000,179.872000,0.258000,-127.210000,
-21.029000,-6.846000,113.001000,179.882000,0.240000,-127.760000,
-20.917000,-6.586000,113.010000,179.893000,0.221000,-128.373000,
-20.776000,-6.336000,113.022000,179.907000,0.197000,-129.170000,
-20.632000,-6.139000,113.033000,179.920000,0.172000,-130.028000,
-20.488000,-5.982000,113.043000,179.932000,0.148000,-130.928000,
-20.307000,-5.830000,113.055000,179.947000,0.120000,-132.114000,
-20.167000,-5.727000,113.065000,179.957000,0.100000,-133.098000,
-20.018000,-5.611000,113.074000,179.966000,0.081000,-134.223000,
-19.869000,-5.488000,113.083000,179.973000,0.066000,-135.426000,
-19.741000,-5.378000,113.090000,179.978000,0.055000,-136.537000,
-19.634000,-5.285000,113.096000,179.982000,0.047000,-137.505000,
-19.504000,-5.171000,113.103000,179.986000,0.038000,-138.734000,
-19.398000,-5.076000,113.108000,179.988000,0.032000,-139.779000,
-19.265000,-4.956000,113.115000,179.991000,0.025000,-141.136000,
-19.138000,-4.839000,113.121000,179.993000,0.019000,-142.492000,
-19.035000,-4.746000,113.126000,179.995000,0.015000,-143.613000,
-18.942000,-4.661000,113.130000,179.996000,0.011000,-144.660000,
-18.814000,-4.540000,113.136000,179.998000,0.007000,-146.145000,
-18.698000,-4.422000,113.142000,179.999000,0.004000,-147.559000,
-18.592000,-4.305000,113.146000,179.999000,0.003000,-148.911000,
-18.496000,-4.189000,113.150000,179.999000,0.003000,-150.210000,
-18.409000,-4.075000,113.154000,179.999000,0.005000,-151.464000,
-18.329000,-3.963000,113.157000,179.998000,0.007000,-152.677000,
-18.256000,-3.853000,113.160000,179.997000,0.011000,-153.855000,
-18.190000,-3.744000,113.162000,179.996000,0.016000,-155.001000,
-18.130000,-3.637000,113.164000,179.995000,0.022000,-156.118000,
-18.076000,-3.532000,113.165000,179.994000,0.029000,-157.210000,
-18.027000,-3.428000,113.166000,179.993000,0.038000,-158.278000,
-17.962000,-3.278000,113.167000,179.991000,0.051000,-159.834000,
-17.904000,-3.133000,113.167000,179.989000,0.066000,-161.391000,
-17.854000,-2.996000,113.167000,179.988000,0.082000,-162.912000,
-17.810000,-2.866000,113.167000,179.986000,0.099000,-164.415000,
-17.772000,-2.744000,113.166000,179.986000,0.117000,-165.902000,
-17.739000,-2.628000,113.165000,179.985000,0.136000,-167.377000,
-17.710000,-2.519000,113.163000,179.985000,0.155000,-168.841000,
-17.687000,-2.416000,113.161000,179.985000,0.175000,-170.297000,
-17.667000,-2.319000,113.159000,179.986000,0.196000,-171.746000,
-17.651000,-2.228000,113.156000,179.987000,0.217000,-173.189000,
-17.641000,-2.140000,113.153000,179.989000,0.240000,-174.615000,
-17.636000,-2.052000,113.150000,179.991000,0.264000,-176.011000,
-17.637000,-1.964000,113.146000,179.993000,0.289000,-177.381000,
-17.644000,-1.877000,113.142000,179.997000,0.315000,-178.727000,
-17.658000,-1.762000,113.136000,-179.999000,0.351000,179.511000,
-17.679000,-1.649000,113.129000,-179.992000,0.387000,177.778000,
-17.703000,-1.541000,113.123000,-179.985000,0.423000,176.057000,
-17.728000,-1.439000,113.116000,-179.977000,0.458000,174.342000,
-17.753000,-1.343000,113.110000,-179.968000,0.491000,172.631000,
-17.776000,-1.253000,113.104000,-179.959000,0.521000,170.920000,
-17.798000,-1.163000,113.098000,-179.948000,0.549000,169.233000,
-17.824000,-1.065000,113.092000,-179.937000,0.576000,167.610000,
-17.854000,-0.958000,113.086000,-179.926000,0.604000,166.047000,
-17.888000,-0.842000,113.080000,-179.914000,0.631000,164.543000,
-17.926000,-0.719000,113.074000,-179.902000,0.658000,163.093000,
-17.970000,-0.588000,113.068000,-179.890000,0.686000,161.695000,
-18.018000,-0.449000,113.061000,-179.876000,0.714000,160.347000,
-18.072000,-0.304000,113.054000,-179.863000,0.742000,159.044000,
-18.131000,-0.153000,113.047000,-179.849000,0.771000,157.785000,
-18.195000,0.005000,113.039000,-179.834000,0.801000,156.567000,
-18.263000,0.165000,113.032000,-179.819000,0.831000,155.371000,
-18.334000,0.321000,113.024000,-179.803000,0.861000,154.168000,
-18.408000,0.474000,113.016000,-179.786000,0.890000,152.956000,
-18.485000,0.622000,113.009000,-179.769000,0.918000,151.735000,
-18.565000,0.767000,113.001000,-179.751000,0.946000,150.504000,
-18.647000,0.908000,112.994000,-179.733000,0.973000,149.260000,
-18.734000,1.044000,112.986000,-179.713000,1.000000,148.003000,
-18.823000,1.175000,112.978000,-179.693000,1.026000,146.732000,
-18.917000,1.301000,112.970000,-179.673000,1.052000,145.445000,
-19.014000,1.423000,112.962000,-179.651000,1.078000,144.141000,
-19.115000,1.541000,112.954000,-179.629000,1.104000,142.831000,
-19.222000,1.664000,112.945000,-179.605000,1.132000,141.553000,
-19.306000,1.761000,112.939000,-179.587000,1.153000,140.619000,
-19.420000,1.896000,112.930000,-179.563000,1.183000,139.405000,
-19.538000,2.038000,112.920000,-179.537000,1.213000,138.227000,
-19.659000,2.188000,112.911000,-179.511000,1.243000,137.085000,
-19.782000,2.346000,112.901000,-179.485000,1.274000,135.980000,
-19.906000,2.512000,112.892000,-179.459000,1.304000,134.910000,
-20.030000,2.687000,112.883000,-179.432000,1.333000,133.875000,
-20.153000,2.871000,112.874000,-179.407000,1.361000,132.874000,
-20.275000,3.065000,112.865000,-179.381000,1.387000,131.906000,
-20.394000,3.266000,112.858000,-179.357000,1.410000,130.954000,
-20.513000,3.471000,112.851000,-179.333000,1.432000,130.012000,
-20.631000,3.682000,112.844000,-179.309000,1.451000,129.082000,
-20.750000,3.897000,112.837000,-179.286000,1.469000,128.163000,
-20.863000,4.107000,112.832000,-179.264000,1.486000,127.301000,
-20.984000,4.331000,112.826000,-179.241000,1.502000,126.403000,
-21.108000,4.560000,112.820000,-179.218000,1.518000,125.516000,
-21.236000,4.793000,112.814000,-179.195000,1.534000,124.640000,
-21.367000,5.029000,112.808000,-179.171000,1.551000,123.774000,
-21.503000,5.271000,112.802000,-179.147000,1.569000,122.930000,
-21.642000,5.523000,112.795000,-179.121000,1.589000,122.126000,
-21.782000,5.786000,112.789000,-179.096000,1.610000,121.362000,
-21.922000,6.061000,112.783000,-179.070000,1.632000,120.639000,
-22.061000,6.347000,112.777000,-179.044000,1.654000,119.962000,
-22.194000,6.640000,112.771000,-179.020000,1.676000,119.341000,
-22.306000,6.903000,112.767000,-178.999000,1.694000,118.842000,
-22.396000,7.129000,112.763000,-178.983000,1.708000,118.450000,
-22.516000,7.460000,112.759000,-178.961000,1.727000,117.939000,
-22.614000,7.756000,112.756000,-178.943000,1.742000,117.533000,
-22.689000,7.999000,112.754000,-178.931000,1.753000,117.223000,
-22.778000,8.311000,112.753000,-178.916000,1.764000,116.853000,
-22.846000,8.567000,112.752000,-178.904000,1.773000,116.571000,
-22.929000,8.894000,112.751000,-178.891000,1.782000,116.235000,
-22.991000,9.162000,112.750000,-178.882000,1.789000,115.981000,
-23.067000,9.504000,112.750000,-178.870000,1.797000,115.682000,
-23.125000,9.783000,112.750000,-178.862000,1.802000,115.457000,
-23.194000,10.139000,112.751000,-178.852000,1.809000,115.195000,
-23.248000,10.429000,112.751000,-178.844000,1.815000,115.000000,
-23.312000,10.798000,112.752000,-178.834000,1.822000,114.775000,
-23.368000,11.135000,112.753000,-178.826000,1.828000,114.590000,
-23.424000,11.474000,112.754000,-178.818000,1.835000,114.406000,
-23.482000,11.814000,112.755000,-178.809000,1.841000,114.219000,
-23.541000,12.153000,112.756000,-178.801000,1.847000,114.031000,
-23.601000,12.493000,112.757000,-178.793000,1.853000,113.841000,
-23.662000,12.834000,112.759000,-178.785000,1.858000,113.649000,
-23.725000,13.175000,112.760000,-178.777000,1.864000,113.454000,
-23.789000,13.516000,112.761000,-178.769000,1.869000,113.257000,
-23.848000,13.820000,112.763000,-178.762000,1.874000,113.081000,
-23.922000,14.200000,112.764000,-178.753000,1.879000,112.857000,
-23.983000,14.504000,112.766000,-178.746000,1.883000,112.677000,
-24.061000,14.885000,112.768000,-178.737000,1.888000,112.448000,
-24.125000,15.191000,112.769000,-178.730000,1.892000,112.263000,
-24.207000,15.573000,112.771000,-178.722000,1.896000,112.030000,
-24.273000,15.879000,112.773000,-178.715000,1.899000,111.841000,
-24.359000,16.262000,112.775000,-178.707000,1.903000,111.602000,
-24.428000,16.569000,112.777000,-178.700000,1.906000,111.408000,
-24.518000,16.953000,112.779000,-178.692000,1.910000,111.164000,
-24.591000,17.261000,112.781000,-178.685000,1.912000,110.966000,
-24.684000,17.646000,112.783000,-178.677000,1.915000,110.716000,
-24.761000,17.954000,112.785000,-178.670000,1.918000,110.513000,
-24.858000,18.341000,112.787000,-178.662000,1.920000,110.257000,
-24.938000,18.651000,112.789000,-178.655000,1.922000,110.053000,
-25.036000,19.042000,112.792000,-178.647000,1.925000,109.803000,
-25.125000,19.396000,112.794000,-178.640000,1.927000,109.583000,
-25.213000,19.753000,112.797000,-178.633000,1.929000,109.368000,
-25.301000,20.113000,112.799000,-178.626000,1.932000,109.158000,
-25.388000,20.475000,112.802000,-178.619000,1.934000,108.952000,
-25.475000,20.840000,112.805000,-178.612000,1.937000,108.752000,
-25.561000,21.208000,112.808000,-178.605000,1.939000,108.556000,
-25.646000,21.578000,112.811000,-178.599000,1.942000,108.366000,
-25.731000,21.951000,112.814000,-178.592000,1.945000,108.181000,
-25.806000,22.284000,112.816000,-178.586000,1.947000,108.017000,
-25.904000,22.699000,112.820000,-178.578000,1.950000,107.807000,
-25.985000,23.031000,112.823000,-178.573000,1.951000,107.633000,
-26.090000,23.446000,112.826000,-178.566000,1.953000,107.408000,
-26.176000,23.779000,112.829000,-178.561000,1.953000,107.222000,
-26.285000,24.194000,112.833000,-178.555000,1.952000,106.983000,
-26.394000,24.598000,112.836000,-178.551000,1.949000,106.744000,
-26.489000,24.946000,112.839000,-178.548000,1.945000,106.532000,
-26.600000,25.352000,112.842000,-178.546000,1.939000,106.279000,
-26.732000,25.679000,112.844000,-178.545000,1.930000,105.976000,
-26.728000,25.680000,113.344000,-178.545000,1.931000,105.987000,
-26.724000,25.682000,113.844000,-178.544000,1.931000,105.998000,
-26.721000,25.683000,114.244000,-178.544000,1.932000,106.007000,
-26.718000,25.684000,114.644000,-178.544000,1.933000,106.016000,
-26.716000,25.685000,114.883000,-178.544000,1.933000,106.021000,
-26.713000,25.686000,115.244000,-178.544000,1.934000,106.029000,
